#ZVView-data-copy: 19-Nov-2018 01:32:48																																													
																																																																																									
#																																													
#MT103:LB5:Symmetric Matrix																																													
Z(44x44): Zi,j = Cor(σXi,σYj)*100																																													
	X (MeV)																																												
Y(MeV)	0.4	1.5	2	2.5	3	3.5	4	4.5	5	5.5	6	6.5	7	7.5	8	8.5	9	9.5	10	10.5	11	11.5	12	12.5	13	13.5	14	14.5	15	15.5	16	16.5	17	17.5	18	18.5	19	20	24	28	34	42	50	60	j
0.4	100	55.02	18.89	15.37	19.25	16.4	10.82	6.699	5.154	5.876	7.766	9.687	10.77	10.63	9.569	8.239	7.187	6.712	6.854	7.426	8.13	8.587	8.216	6.398	3.421	0.7388	-0.3913	0.3673	2.438	4.81	6.715	7.828	8.162	7.918	7.328	6.578	5.389	0	0	0	0	0	0	0	1
1.5	55.02	100	66.59	26.49	21.09	27.24	30.67	29.59	24.96	19.49	16.09	15.85	18.23	21.82	25.24	27.71	28.74	27.65	24.28	19.9	16.32	14.37	13.71	13.06	11	7.495	3.697	1.128	0.9438	3.197	7.037	11.4	15.46	18.79	21.33	23.19	25.05	0	0	0	0	0	0	0	2
2	18.89	66.59	100	76.68	49.85	33.68	27.85	28.52	31.79	35.09	37.74	39.69	40.5	39.92	38.62	37.71	37.72	38.22	38.21	37.35	36.13	34.55	31.35	24.67	15	6.145	1.585	2.56	8.003	15.41	22.49	27.94	31.34	32.95	33.28	32.84	31.5	0	0	0	0	0	0	0	3
2.5	15.37	26.49	76.68	100	86.46	59.66	39.04	29.29	27.79	31.06	36.04	40.54	42.82	42.17	39.56	36.77	35.01	34.47	34.59	34.87	35.17	34.91	32.41	25.52	14.94	5.232	0.518	2.136	8.605	16.85	24.26	29.49	32.28	33.06	32.51	31.2	28.7	0	0	0	0	0	0	0	4
3	19.25	21.09	49.85	86.46	100	89.33	70.36	53.01	38.99	29.75	25.98	26.52	29.23	31.99	33.71	34.33	33.98	32.4	29.5	26.22	23.82	22.61	21.62	19.01	13.82	7.665	2.992	1.532	3.661	8.288	13.8	18.88	22.81	25.46	27.02	27.8	28.09	0	0	0	0	0	0	0	5
3.5	16.4	27.24	33.68	59.66	89.33	100	93.49	78.68	58.96	39.49	25.5	18.48	17.32	19.85	23.77	27.42	29.64	29.33	26.04	21.12	16.72	14	12.87	12.27	10.76	7.882	4.39	1.631	0.8817	2.478	5.797	9.867	13.85	17.28	20	22.08	24.28	0	0	0	0	0	0	0	6
4	10.82	30.67	27.85	39.04	70.36	93.49	100	94.37	78.42	57.17	37.85	24.14	16.55	14.28	15.69	18.99	22.57	24.77	24.28	21.4	17.74	14.49	11.92	9.681	7.423	5.202	3.295	2.128	2.159	3.473	5.72	8.368	10.95	13.18	14.99	16.42	18.01	0	0	0	0	0	0	0	7
4.5	6.699	29.59	28.52	29.29	53.01	78.68	94.37	100	93.87	78	58.94	41.42	27.41	17.99	13.52	13.33	16.19	20.42	23.88	25.1	24.19	21.67	17.52	11.71	5.638	1.634	0.7456	2.551	5.766	9.04	11.59	13.19	13.91	14.01	13.74	13.31	12.62	0	0	0	0	0	0	0	8
5	5.154	24.96	31.79	27.79	38.99	58.96	78.42	93.87	100	94.35	80.84	63.87	46.09	30.22	18.91	13.35	13.34	17.68	23.88	28.99	31.43	30.65	25.91	16.86	6.303	-0.7679	-1.778	2.56	9.344	15.49	19.38	20.78	20.21	18.43	16.13	13.75	10.47	0	0	0	0	0	0	0	9
5.5	5.876	19.49	35.09	31.06	29.75	39.49	57.17	78	94.35	100	95.36	83.38	66.38	47.62	31.41	20.7	16.49	18.39	24.3	30.89	35.53	36.73	32.86	22.76	9.458	-0.4376	-2.796	2.166	10.95	19.37	24.98	27.2	26.62	24.28	21.09	17.69	12.9	0	0	0	0	0	0	0	10
6	7.766	16.09	37.74	36.04	25.98	25.5	37.85	58.94	80.84	95.36	100	95.73	83.66	66.43	48.78	34.76	26.32	23.86	26.27	31.07	35.72	38.24	36.26	27.61	14.22	2.742	-1.713	1.734	10.23	19.51	26.59	30.38	31.13	29.73	27.13	24.05	19.38	0	0	0	0	0	0	0	11
6.5	9.687	15.85	39.69	40.54	26.52	18.48	24.14	41.42	63.87	83.38	95.73	100	95.61	83.66	68.12	53.3	41.66	34.1	30.75	30.94	33.27	35.83	35.93	30.4	19.28	7.756	1.16	1.655	7.943	16.59	24.54	30.12	32.99	33.62	32.76	31.07	27.94	0	0	0	0	0	0	0	12
7	10.77	18.23	40.5	42.82	29.23	17.32	16.55	27.41	46.09	66.38	83.66	95.61	100	95.82	85.43	72.58	59.65	47.71	37.89	31.79	29.9	30.99	32.42	30.44	23.01	12.96	4.942	2.155	5.172	12.02	19.95	26.94	31.97	34.96	36.33	36.58	35.79	0	0	0	0	0	0	0	13
7.5	10.63	21.82	39.92	42.17	31.99	19.85	14.28	17.99	30.22	47.62	66.43	83.66	95.82	100	96.53	88.01	76.31	62.13	47.13	34.86	27.92	26.12	27.35	27.83	24.07	16.46	8.333	3.21	3.155	7.7	14.78	22.25	28.68	33.48	36.73	38.75	40.22	0	0	0	0	0	0	0	14
8	9.569	25.24	38.62	39.56	33.71	23.77	15.69	13.52	18.91	31.41	48.78	68.12	85.43	96.53	100	97.1	88.91	75.42	58.01	41.36	29.77	24.26	23.42	24.05	22.36	17.13	10.19	4.557	2.828	5.53	11.32	18.28	24.9	30.36	34.48	37.45	40.29	0	0	0	0	0	0	0	15
8.5	8.239	27.71	37.71	36.77	34.33	27.42	18.99	13.33	13.35	20.7	34.76	53.3	72.58	88.01	97.1	100	96.95	86.99	70.53	52.17	37.26	27.85	23.24	21.19	18.88	14.92	9.958	5.823	4.47	6.537	11.18	16.95	22.6	27.41	31.18	34.01	36.9	0	0	0	0	0	0	0	16
9	7.187	28.74	37.72	35.01	33.98	29.64	22.57	16.19	13.34	16.49	26.32	41.66	59.65	76.31	88.91	96.95	100	96.1	84.03	67.15	50.96	38.17	28.62	21.13	15.01	10.41	7.515	6.557	7.743	10.78	14.91	19.22	23.05	26.08	28.31	29.9	31.44	0	0	0	0	0	0	0	17
9.5	6.712	27.65	38.22	34.47	32.4	29.33	24.77	20.42	17.68	18.39	23.86	34.1	47.71	62.13	75.42	86.99	96.1	100	95.47	83.59	68.94	54.4	39.96	25.27	12.49	4.876	3.239	6.248	11.62	17.19	21.73	24.8	26.43	26.99	26.85	26.36	25.41	0	0	0	0	0	0	0	18
10	6.854	24.28	38.21	34.59	29.5	26.04	24.28	23.88	23.88	24.3	26.27	30.75	37.89	47.13	58.01	70.53	84.03	95.47	100	95.88	85.89	72.41	55.14	33.91	13.44	0.8648	-1.304	4.755	14.39	23.23	29.07	31.61	31.51	29.78	27.27	24.58	20.82	0	0	0	0	0	0	0	19
10.5	7.426	19.9	37.35	34.87	26.22	21.12	21.4	25.1	28.99	30.89	31.07	30.94	31.79	34.86	41.36	52.17	67.15	83.59	95.88	100	96.59	87.1	70.54	46.06	19.55	1.39	-3.541	2.927	14.92	26.33	33.85	36.88	36.28	33.43	29.54	25.42	19.69	0	0	0	0	0	0	0	20
11	8.13	16.32	36.13	35.17	23.82	16.72	17.74	24.19	31.43	35.53	35.72	33.27	29.9	27.92	29.77	37.26	50.96	68.94	85.89	96.59	100	96.46	84.14	60.76	31.48	8.38	-1.212	2.398	13.7	25.91	34.8	39.08	39.33	36.88	33.05	28.76	22.53	0	0	0	0	0	0	0	21
11.5	8.587	14.37	34.55	34.91	22.61	14	14.49	21.67	30.65	36.73	38.24	35.83	30.99	26.12	24.26	27.85	38.17	54.4	72.41	87.1	96.46	100	95.01	77.28	49.36	23.02	7.627	5.26	12.35	22.83	31.97	37.63	39.63	38.85	36.41	33.18	28.04	0	0	0	0	0	0	0	22
12	8.216	13.71	31.35	32.41	21.62	12.87	11.92	17.52	25.91	32.86	36.26	35.93	32.42	27.35	23.42	23.24	28.62	39.96	55.14	70.54	84.14	95.01	100	92.82	71.72	45.69	24.93	14.24	13.4	18.68	25.76	31.76	35.5	37	36.84	35.68	33.04	0	0	0	0	0	0	0	23
12.5	6.398	13.06	24.67	25.52	19.01	12.27	9.681	11.71	16.86	22.76	27.61	30.4	30.44	27.83	24.05	21.19	21.13	25.27	33.91	46.06	60.76	77.28	92.82	100	91.98	72.38	49.96	31.33	20.2	16.68	18.23	21.94	25.78	28.79	30.76	31.85	32.34	0	0	0	0	0	0	0	24
13	3.421	11	15	14.94	13.82	10.76	7.423	5.638	6.303	9.458	14.22	19.28	23.01	24.07	22.36	18.88	15.01	12.49	13.44	19.55	31.48	49.36	71.72	91.98	100	92.91	75.6	54.14	34.76	21.59	14.99	13.19	14.08	16.09	18.31	20.33	22.73	0	0	0	0	0	0	0	25
13.5	0.7388	7.495	6.145	5.232	7.665	7.882	5.202	1.634	-0.7679	-0.4376	2.742	7.756	12.96	16.46	17.13	14.92	10.41	4.876	0.8648	1.39	8.38	23.02	45.69	72.38	92.91	100	93.57	76.76	55.42	36.02	21.79	12.93	8.263	6.399	6.171	6.786	8.35	0	0	0	0	0	0	0	26
14	-0.3913	3.697	1.585	0.518	2.992	4.39	3.295	0.7456	-1.778	-2.796	-1.713	1.16	4.942	8.333	10.19	9.958	7.515	3.239	-1.304	-3.541	-1.212	7.627	24.93	49.96	75.6	93.57	100	93.67	77.51	57.73	39.33	24.53	13.75	6.492	1.903	-0.8358	-2.758	0	0	0	0	0	0	0	27
14.5	0.3673	1.128	2.56	2.136	1.532	1.631	2.128	2.551	2.56	2.166	1.734	1.655	2.155	3.21	4.557	5.823	6.557	6.248	4.755	2.927	2.398	5.26	14.24	31.33	54.14	76.76	93.67	100	94.16	79.97	62.47	45.26	30.29	18.32	9.255	2.599	-4.006	0	0	0	0	0	0	0	28
15	2.438	0.9438	8.003	8.605	3.661	0.8817	2.159	5.766	9.344	10.95	10.23	7.943	5.172	3.155	2.828	4.47	7.743	11.62	14.39	14.92	13.7	12.35	13.4	20.2	34.76	55.42	77.51	94.16	100	95.09	83.15	67.95	52.38	38.29	26.47	16.95	6.43	0	0	0	0	0	0	0	29
15.5	4.81	3.197	15.41	16.85	8.288	2.478	3.473	9.04	15.49	19.37	19.51	16.59	12.02	7.7	5.53	6.537	10.78	17.19	23.23	26.33	25.91	22.83	18.68	16.68	21.59	36.02	57.73	79.97	95.09	100	95.97	86.05	73.26	60.05	47.9	37.4	24.94	0	0	0	0	0	0	0	30
16	6.715	7.037	22.49	24.26	13.8	5.797	5.72	11.59	19.38	24.98	26.59	24.54	19.95	14.78	11.32	11.18	14.91	21.73	29.07	33.85	34.8	31.97	25.76	18.23	14.99	21.79	39.33	62.47	83.15	95.97	100	96.72	88.74	78.58	68.1	58.35	45.98	0	0	0	0	0	0	0	31
16.5	7.828	11.4	27.94	29.49	18.88	9.867	8.368	13.19	20.78	27.2	30.38	30.12	26.94	22.25	18.28	16.95	19.22	24.8	31.61	36.88	39.08	37.63	31.76	21.94	13.19	12.93	24.53	45.26	67.95	86.05	96.72	100	97.44	91.36	83.73	75.86	65.07	0	0	0	0	0	0	0	32
17	8.162	15.46	31.34	32.28	22.81	13.85	10.95	13.91	20.21	26.62	31.13	32.99	31.97	28.68	24.9	22.6	23.05	26.43	31.51	36.28	39.33	39.63	35.5	25.78	14.08	8.263	13.75	30.29	52.38	73.26	88.74	97.44	100	98.1	93.71	88.22	79.81	0	0	0	0	0	0	0	33
17.5	7.918	18.79	32.95	33.06	25.46	17.28	13.18	14.01	18.43	24.28	29.73	33.62	34.96	33.48	30.36	27.41	26.08	26.99	29.78	33.43	36.88	38.85	37	28.79	16.09	6.399	6.492	18.32	38.29	60.05	78.58	91.36	98.1	100	98.66	95.58	89.75	0	0	0	0	0	0	0	34
18	7.328	21.33	33.28	32.51	27.02	20	14.99	13.74	16.13	21.09	27.13	32.76	36.33	36.73	34.48	31.18	28.31	26.85	27.27	29.54	33.05	36.41	36.84	30.76	18.31	6.171	1.903	9.255	26.47	47.9	68.1	83.73	93.71	98.66	100	99.07	95.67	0	0	0	0	0	0	0	35
18.5	6.578	23.19	32.84	31.2	27.8	22.08	16.42	13.31	13.75	17.69	24.05	31.07	36.58	38.75	37.45	34.01	29.9	26.36	24.58	25.42	28.76	33.18	35.68	31.85	20.33	6.786	-0.8358	2.599	16.95	37.4	58.35	75.86	88.22	95.58	99.07	100	98.71	0	0	0	0	0	0	0	36
19	5.389	25.05	31.5	28.7	28.09	24.28	18.01	12.62	10.47	12.9	19.38	27.94	35.79	40.22	40.29	36.9	31.44	25.41	20.82	19.69	22.53	28.04	33.04	32.34	22.73	8.35	-2.758	-4.006	6.43	24.94	45.98	65.07	79.81	89.75	95.67	98.71	100	0	0	0	0	0	0	0	37
20	0	0	0	0	0	0	0	0	0	0	0	0	0	0	0	0	0	0	0	0	0	0	0	0	0	0	0	0	0	0	0	0	0	0	0	0	0	100	98.93	94.96	76.78	55.1	49.54	49.54	38
24	0	0	0	0	0	0	0	0	0	0	0	0	0	0	0	0	0	0	0	0	0	0	0	0	0	0	0	0	0	0	0	0	0	0	0	0	0	98.93	100	97.86	79.61	57.7	51.19	51.19	39
28	0	0	0	0	0	0	0	0	0	0	0	0	0	0	0	0	0	0	0	0	0	0	0	0	0	0	0	0	0	0	0	0	0	0	0	0	0	94.96	97.86	100	87.5	67.2	59.75	59.75	40
34	0	0	0	0	0	0	0	0	0	0	0	0	0	0	0	0	0	0	0	0	0	0	0	0	0	0	0	0	0	0	0	0	0	0	0	0	0	76.78	79.61	87.5	100	92.65	86.06	86.06	41
42	0	0	0	0	0	0	0	0	0	0	0	0	0	0	0	0	0	0	0	0	0	0	0	0	0	0	0	0	0	0	0	0	0	0	0	0	0	55.1	57.7	67.2	92.65	100	97.29	97.29	42
50	0	0	0	0	0	0	0	0	0	0	0	0	0	0	0	0	0	0	0	0	0	0	0	0	0	0	0	0	0	0	0	0	0	0	0	0	0	49.54	51.19	59.75	86.06	97.29	100	97.29	43
60	0	0	0	0	0	0	0	0	0	0	0	0	0	0	0	0	0	0	0	0	0	0	0	0	0	0	0	0	0	0	0	0	0	0	0	0	0	49.54	51.19	59.75	86.06	97.29	97.29	100	44
i 	1	2	3	4	5	6	7	8	9	10	11	12	13	14	15	16	17	18	19	20	21	22	23	24	25	26	27	28	29	30	31	32	33	34	35	36	37	38	39	40	41	42	43	44	
