#ZVView-data-copy: 18-Nov-2018 22:41:39																																																																																							
																																																																																							
#																																															
#IRDFF-1.05: IN-115(N,INL)In-115M																																															
Z(46x46): Zi,j = Cor(σXi,σYj)*100																																															
	X (MeV)																																														
Y(MeV)	0.339199	0.6	0.8	1	1.2	1.4	1.6	1.8	2	2.2	2.4	2.6	2.8	3	3.5	4	4.5	5	5.5	6	6.5	7	7.5	8	8.5	9	9.5	10	10.5	11	11.5	12	13	14	15	16	17	18	19	20	24	28	34	42	50	60	j
0.339199	100	50.98	25	25.94	28.7	25.81	19.73	18.5	22.11	25.21	25.48	22.83	20.7	23.26	25	21.7	17.19	13.64	10.85	8.824	7.04	5.04	2.875	1.039	0.004114	0.01542	1.076	2.689	3.898	3.965	2.779	0.2609	-1.066	0.2509	-3.607	-4.192	-2.97	-0.2095	2.554	0	0	0	0	0	0	0	1
0.6	50.98	100	63.46	27.97	21.68	29.6	33.09	30.87	26.04	23.7	26.57	29.94	30.84	29.57	26.33	26.63	24.57	18.16	10.42	5.17	2.525	1.647	1.846	2.503	3.13	3.402	3.072	2.136	1.032	0.2916	0.1426	0.6427	0.8294	-0.03036	1.695	1.982	1.444	0.1842	-1.097	0	0	0	0	0	0	0	2
0.8	25	63.46	100	71.47	33.72	22.32	26.83	33.34	32.31	25.75	23.58	26.74	31.23	34	27.52	25.9	25.86	21.2	12.89	6	1.85	0.1472	0.3969	1.794	3.428	4.541	4.491	3.051	0.9292	-0.742	-1.247	-0.1815	1.156	-0.1977	3.196	4.192	3.381	0.7666	-2.177	0	0	0	0	0	0	0	3
1	25.94	27.97	71.47	100	81.72	48.43	21.4	15.88	25.55	34.03	33.61	26.82	22.29	28.03	33.32	26.62	18.39	14.22	12.73	11.84	10.34	7.691	4.222	0.9753	-1.056	-1.302	0.3869	3.276	5.689	6.204	4.497	0.3747	-1.912	0.4751	-6.248	-7.357	-5.289	-0.4855	4.371	0	0	0	0	0	0	0	4
1.2	28.7	21.68	33.72	81.72	100	82.77	46.06	21.37	17.77	27.13	34.79	33.14	27.29	26.03	30.69	28.19	19.78	12.31	8.443	7.305	6.922	6.072	4.409	2.365	0.6449	-0.1904	0.2117	1.699	3.377	4.198	3.635	1.283	-0.8989	0.3306	-3.748	-4.818	-3.776	-0.7025	2.671	0	0	0	0	0	0	0	5
1.4	25.81	29.6	22.32	48.43	82.77	100	84.34	54.49	26.81	17.34	25.76	36.77	40.31	34.41	26.64	29.27	27.98	18.87	7.911	1.101	-1.488	-1.106	0.9746	3.37	5.013	5.286	3.884	1.233	-1.28	-2.36	-1.653	0.9167	1.993	-0.2802	5	5.78	4.109	0.375	-3.342	0	0	0	0	0	0	0	6
1.6	19.73	33.09	26.83	21.4	46.06	84.34	100	86.8	51.8	21.87	17.47	29.83	41.62	42.19	27.41	27.74	30.68	24.43	12.17	2.456	-2.597	-3.478	-1.244	2.357	5.57	7.118	6.107	2.656	-1.412	-3.892	-3.713	-0.2962	2.508	-0.4627	7.183	8.954	6.879	1.213	-4.858	0	0	0	0	0	0	0	7
1.8	18.5	30.87	33.34	15.88	21.37	54.49	86.8	100	83.34	49.37	27.08	23.61	31.49	43.24	36.39	29.44	27.84	24.35	16.99	9.947	4.882	1.822	0.6705	1.062	2.337	3.797	4.692	4.378	2.93	1.114	-0.2669	-0.7073	0.3391	-0.04196	0.9768	1.806	1.846	0.8401	-0.6228	0	0	0	0	0	0	0	8
2	22.11	26.04	32.31	25.55	17.77	26.81	51.8	83.34	100	85.59	56.9	31.73	22.53	34.69	43.97	34.53	24.17	18.77	15.99	13.92	11.52	8.309	4.615	1.436	-0.3648	-0.3714	1.402	4.106	6.14	6.289	4.398	0.3814	-1.679	0.4429	-5.592	-6.468	-4.553	-0.3179	3.872	0	0	0	0	0	0	0	9
2.2	25.21	23.7	25.75	34.03	27.13	17.34	21.87	49.37	85.59	100	87.07	57.12	32.22	26.32	39.21	37.26	25.11	14.66	9.65	8.416	8.17	7.344	5.498	3.138	1.1	0.04193	0.3763	1.956	3.803	4.75	4.186	1.64	-0.8801	0.3569	-3.922	-5.094	-4.028	-0.7983	2.765	0	0	0	0	0	0	0	10
2.4	25.48	26.57	23.58	33.61	34.79	25.76	17.47	27.08	56.9	87.07	100	87.2	61.81	33.23	28.53	35.08	30.55	18.09	6.728	1.098	-0.2951	0.6239	2.412	3.941	4.607	4.211	2.784	0.8427	-0.6328	-0.9679	-0.2092	1.449	1.461	-0.1357	3.062	3.223	2.054	-0.05945	-1.953	0	0	0	0	0	0	0	11
2.6	22.83	29.95	26.74	26.82	33.14	36.77	29.83	23.61	31.73	57.12	87.2	100	90.21	54.59	23.72	28.43	32.94	24.96	11.14	1.157	-3.447	-3.697	-1.011	2.705	5.742	6.973	5.693	2.202	-1.647	-3.803	-3.4	-0.02252	2.426	-0.4247	6.69	8.175	6.166	0.9994	-4.419	0	0	0	0	0	0	0	12
2.8	20.7	30.84	31.23	22.29	27.29	40.31	41.62	31.49	22.53	32.22	61.81	90.21	100	78.78	33.28	24.94	30.38	28.97	19.07	9.073	2.349	-0.8718	-0.9844	0.9615	3.597	5.728	6.297	4.744	1.846	-0.8156	-2.048	-1.125	1.127	-0.2199	3.455	4.909	4.233	1.276	-2.268	0	0	0	0	0	0	0	13
3	23.26	29.57	34	28.03	26.03	34.41	42.19	43.24	34.69	26.32	33.23	54.59	78.78	100	73.44	43.2	30.52	27.4	24.46	20.33	15.58	10.39	5.455	1.887	0.3721	1.009	3.399	6.281	7.912	7.312	4.69	0.2063	-1.59	0.4495	-5.341	-5.874	-3.886	0.003875	3.63	0	0	0	0	0	0	0	14
3.5	25	26.33	27.52	33.32	30.69	26.64	27.41	36.39	43.97	39.21	28.53	23.72	33.28	73.44	100	83.1	53.7	29.14	15.18	10.08	8.909	8.63	7.896	6.525	4.956	3.659	2.97	3.029	3.582	4.063	3.934	2.675	0.3473	0.2253	-1.196	-2.037	-1.914	-0.669	0.9615	0	0	0	0	0	0	0	15
4	21.7	26.63	25.9	26.62	28.19	29.27	27.74	29.44	34.53	37.26	35.08	28.43	24.94	43.2	83.1	100	86.41	54.39	23.4	5.75	-1.096	-1.252	2.219	6.563	9.808	10.84	9.011	4.769	0.2492	-2.325	-2.147	1.016	2.891	-0.3655	6.816	8.12	6.01	0.9322	-4.26	0	0	0	0	0	0	0	16
4.5	17.19	24.57	25.86	18.39	19.78	27.98	30.68	27.84	24.17	25.11	30.55	32.94	30.38	30.52	53.7	86.41	100	85.71	55.76	30.79	15.1	6.863	4.363	5.762	9.045	12.44	14.19	12.91	9.037	4.491	1.064	-0.3001	1.253	0.003177	2.264	3.824	3.753	1.647	-1.257	0	0	0	0	0	0	0	17
5	13.64	18.16	21.2	14.22	12.31	18.87	24.43	24.35	18.77	14.66	18.09	24.96	28.97	27.4	29.14	54.39	85.71	100	89.16	69.68	50.94	34.28	20.74	12.06	8.918	10.72	15.8	20.93	22.68	19.74	13.06	3.115	-1.603	0.9934	-8.614	-9.31	-5.946	0.2618	5.837	0	0	0	0	0	0	0	18
5.5	10.85	10.42	12.89	12.73	8.443	7.911	12.17	16.99	15.99	9.65	6.728	11.14	19.07	24.46	15.18	23.4	55.76	89.16	100	93.85	80.47	62.68	43.02	26.03	15.31	12.14	15.95	23.55	29.57	29.91	23.61	9.787	-1.695	1.611	-13.4	-16.53	-12.32	-1.784	9.027	0	0	0	0	0	0	0	19
6	8.824	5.17	6	11.84	7.305	1.101	2.456	9.947	13.92	8.416	1.098	1.157	9.073	20.33	10.08	5.75	30.79	69.68	93.85	100	95.42	82.6	63.72	43.97	28.5	19.89	18.75	23.34	29.19	31.59	27.99	16.15	1.149	1.589	-9.841	-14.01	-11.66	-2.93	7.009	0	0	0	0	0	0	0	20
6.5	7.04	2.525	1.85	10.34	6.922	-1.488	-2.597	4.882	11.52	8.17	-0.2951	-3.447	2.349	15.58	8.909	-1.096	15.1	50.94	80.47	95.42	100	95.27	81.86	63.94	46.85	33.77	26.04	23.85	25.55	27.75	27.12	20.53	5.459	1.154	-1.449	-5.213	-5.971	-2.824	2.118	0	0	0	0	0	0	0	21
7	5.04	1.647	0.1472	7.691	6.072	-1.106	-3.478	1.822	8.309	7.344	0.6239	-3.697	-0.8718	10.39	8.63	-1.252	6.863	34.28	62.68	82.6	95.27	100	95.17	82.84	67.43	51.92	37.74	26.88	21.4	20.75	21.9	21.5	9.688	0.5324	8.268	6.122	2.294	-1.491	-3.451	0	0	0	0	0	0	0	22
7.5	2.875	1.846	0.3969	4.222	4.409	0.9746	-1.244	0.6705	4.615	5.498	2.412	-1.011	-0.9844	5.455	7.896	2.219	4.363	20.74	43.02	63.72	81.86	95.17	100	95.77	85.22	70.42	52.18	33.34	19.45	13.52	13.97	18.1	12.08	-0.003502	15.36	15.53	9.99	0.6768	-7.414	0	0	0	0	0	0	0	23
8	1.039	2.503	1.794	0.9753	2.365	3.37	2.357	1.062	1.436	3.138	3.941	2.705	0.9615	1.887	6.525	6.563	5.762	12.06	26.03	43.97	63.94	82.84	95.77	100	96.31	85.54	67.22	43.71	22.54	9.924	6.648	11.28	11.52	-0.1814	16.76	19.09	13.99	2.852	-8.12	0	0	0	0	0	0	0	24
8.5	0.004114	3.13	3.428	-1.056	0.6449	5.013	5.57	2.337	-0.3648	1.1	4.607	5.742	3.597	0.3721	4.956	9.808	9.045	8.918	15.31	28.5	46.85	67.43	85.22	96.31	100	95.84	81.78	58.25	32.66	13.29	3.58	3.64	8.088	0.1323	11.77	15.36	12.74	4.178	-5.375	0	0	0	0	0	0	0	25
9	0.01542	3.402	4.541	-1.302	-0.1904	5.286	7.118	3.797	-0.3714	0.04193	4.211	6.973	5.728	1.009	3.659	10.84	12.44	10.72	12.14	19.89	33.77	51.92	70.42	85.54	95.84	100	94.28	76.12	50.44	25.81	8.047	-1.425	2.696	0.9015	1.619	4.963	6.129	3.948	-0.07112	0	0	0	0	0	0	0	26
9.5	1.076	3.072	4.491	0.3869	0.2117	3.884	6.107	4.692	1.402	0.3763	2.784	5.693	6.297	3.399	2.97	9.011	14.19	15.8	15.95	18.75	26.04	37.74	52.18	67.22	81.78	94.28	100	92.84	73.17	47.46	22.65	0.6258	-2.646	1.838	-10.19	-8.954	-4.233	1.696	5.757	0	0	0	0	0	0	0	27
10	2.689	2.136	3.051	3.276	1.699	1.233	2.656	4.378	4.106	1.956	0.8427	2.202	4.744	6.281	3.029	4.769	12.91	20.93	23.55	23.34	23.85	26.88	33.34	43.71	58.25	76.12	92.84	100	92.58	72.76	46.23	13.89	-4.259	2.306	-16.82	-19.12	-13.43	-2.009	8.702	0	0	0	0	0	0	0	28
10.5	3.898	1.032	0.9292	5.689	3.377	-1.28	-1.412	2.93	6.14	3.803	-0.6328	-1.647	1.846	7.912	3.582	0.2492	9.037	22.68	29.57	29.19	25.55	21.4	19.45	22.54	32.66	50.44	73.17	92.58	100	92.52	72.23	37.6	1.167	1.731	-12.13	-17.78	-15.22	-5.141	6.263	0	0	0	0	0	0	0	29
11	3.965	0.2916	-0.742	6.204	4.198	-2.36	-3.892	1.114	6.289	4.75	-0.9679	-3.803	-0.8156	7.312	4.063	-2.325	4.491	19.74	29.91	31.59	27.75	20.75	13.52	9.924	13.29	25.81	47.46	72.76	92.52	100	92.47	65.5	13.95	0.2146	3.818	-3.277	-7.036	-5.559	-0.7213	0	0	0	0	0	0	0	30
11.5	2.779	0.1426	-1.247	4.497	3.635	-1.653	-3.713	-0.2669	4.398	4.186	-0.2092	-3.4	-2.048	4.69	3.934	-2.147	1.064	13.06	23.61	27.99	27.12	21.9	13.97	6.648	3.58	8.047	22.65	46.23	72.23	92.47	100	88.27	31.33	-1.213	24.67	18.79	8.298	-2.402	-8.683	0	0	0	0	0	0	0	31
12	0.2609	0.6427	-0.1815	0.3747	1.283	0.9167	-0.2962	-0.7073	0.3814	1.64	1.449	-0.02252	-1.125	0.2063	2.675	1.016	-0.3001	3.115	9.787	16.15	20.53	21.5	18.1	11.28	3.64	-1.425	0.6258	13.89	37.6	65.5	88.27	100	58.52	2.277	45.03	43.42	28.53	5.643	-13.74	0	0	0	0	0	0	0	32
13	-1.066	0.8294	1.156	-1.912	-0.8989	1.993	2.508	0.3391	-1.679	-0.8801	1.461	2.426	1.127	-1.59	0.3473	2.891	1.253	-1.603	-1.695	1.149	5.459	9.688	12.08	11.52	8.088	2.696	-2.646	-4.259	1.167	13.95	31.33	58.52	100	51.91	32.23	26.23	19.8	8.554	-2.694	0	0	0	0	0	0	0	33
14	0.2509	-0.03036	-0.1977	0.4751	0.3306	-0.2802	-0.4627	-0.04196	0.4429	0.3569	-0.1357	-0.4247	-0.2199	0.4495	0.2253	-0.3655	0.003177	0.9934	1.611	1.589	1.154	0.5324	-0.003502	-0.1814	0.1323	0.9015	1.838	2.306	1.731	0.2146	-1.213	2.277	51.91	100	47.1	18.99	7.91	1.769	-1.033	0	0	0	0	0	0	0	34
15	-3.607	1.695	3.196	-6.248	-3.748	5	7.183	0.9768	-5.592	-3.922	3.062	6.69	3.455	-5.341	-1.196	6.816	2.264	-8.614	-13.4	-9.841	-1.449	8.268	15.36	16.76	11.77	1.619	-10.19	-16.82	-12.13	3.818	24.67	45.03	32.23	47.1	100	91.64	72.64	38.7	4.098	0	0	0	0	0	0	0	35
16	-4.192	1.982	4.192	-7.357	-4.818	5.78	8.954	1.806	-6.468	-5.094	3.223	8.175	4.909	-5.874	-2.037	8.12	3.824	-9.31	-16.53	-14.01	-5.213	6.122	15.53	19.09	15.36	4.963	-8.954	-19.12	-17.78	-3.277	18.79	43.42	26.23	18.99	91.64	100	92.03	64.03	28.48	0	0	0	0	0	0	0	36
17	-2.97	1.444	3.381	-5.289	-3.776	4.109	6.879	1.846	-4.553	-4.028	2.054	6.166	4.233	-3.886	-1.914	6.01	3.753	-5.946	-12.32	-11.66	-5.971	2.294	9.99	13.99	12.74	6.129	-4.233	-13.43	-15.22	-7.036	8.298	28.53	19.8	7.91	72.64	92.03	100	88.45	62.13	0	0	0	0	0	0	0	37
18	-0.2095	0.1842	0.7666	-0.4855	-0.7025	0.375	1.213	0.8401	-0.3179	-0.7983	-0.05945	0.9994	1.276	0.003875	-0.669	0.9322	1.647	0.2618	-1.784	-2.93	-2.824	-1.491	0.6768	2.852	4.178	3.948	1.696	-2.009	-5.141	-5.559	-2.402	5.643	8.554	1.769	38.7	64.03	88.45	100	91.34	0	0	0	0	0	0	0	38
19	2.554	-1.097	-2.177	4.371	2.671	-3.342	-4.858	-0.6228	3.872	2.765	-1.953	-4.419	-2.268	3.63	0.9615	-4.26	-1.257	5.837	9.027	7.009	2.118	-3.451	-7.414	-8.12	-5.375	-0.07112	5.757	8.702	6.263	-0.7213	-8.683	-13.74	-2.694	-1.033	4.098	28.48	62.13	91.34	100	0	0	0	0	0	0	0	39
20	0	0	0	0	0	0	0	0	0	0	0	0	0	0	0	0	0	0	0	0	0	0	0	0	0	0	0	0	0	0	0	0	0	0	0	0	0	0	0	100	99.31	97.42	93.91	86.5	82.74	82.74	40
24	0	0	0	0	0	0	0	0	0	0	0	0	0	0	0	0	0	0	0	0	0	0	0	0	0	0	0	0	0	0	0	0	0	0	0	0	0	0	0	99.31	100	99.18	97.03	91.31	88.1	88.1	41
28	0	0	0	0	0	0	0	0	0	0	0	0	0	0	0	0	0	0	0	0	0	0	0	0	0	0	0	0	0	0	0	0	0	0	0	0	0	0	0	97.42	99.18	100	99.17	95.37	92.98	92.98	42
34	0	0	0	0	0	0	0	0	0	0	0	0	0	0	0	0	0	0	0	0	0	0	0	0	0	0	0	0	0	0	0	0	0	0	0	0	0	0	0	93.91	97.03	99.17	100	98.33	96.76	96.76	43
42	0	0	0	0	0	0	0	0	0	0	0	0	0	0	0	0	0	0	0	0	0	0	0	0	0	0	0	0	0	0	0	0	0	0	0	0	0	0	0	86.5	91.31	95.37	98.33	100	99.65	99.65	44
50	0	0	0	0	0	0	0	0	0	0	0	0	0	0	0	0	0	0	0	0	0	0	0	0	0	0	0	0	0	0	0	0	0	0	0	0	0	0	0	82.74	88.1	92.98	96.76	99.65	100	99.65	45
60	0	0	0	0	0	0	0	0	0	0	0	0	0	0	0	0	0	0	0	0	0	0	0	0	0	0	0	0	0	0	0	0	0	0	0	0	0	0	0	82.74	88.1	92.98	96.76	99.65	99.65	100	46
i 	1	2	3	4	5	6	7	8	9	10	11	12	13	14	15	16	17	18	19	20	21	22	23	24	25	26	27	28	29	30	31	32	33	34	35	36	37	38	39	40	41	42	43	44	45	46	
