#ZVView-data-copy: 18-Nov-2018 22:47:13																																																			
																																																																																																				
#																																																			
#MT16:LB5:Symmetric Matrix																																																			
Z(50x50): Zi,j = Cor(σXi,σYj)*100																																																			
	X (MeV)																																																		
Y(MeV)	8.11229	8.5	9	9.5	10	10.5	11	11.5	12	12.5	13	13.5	14	14.2	14.4	14.6	14.8	15	15.5	16	16.5	17	17.5	18	19	20	21	22	23	24	25	26	27	28	29	30	31	32	33	34	35	36	37	38	39	40	40.0001	42	50	60	j
8.11229	100	14.72	-28.32	21.4	39.11	25.37	2.121	-12.3	-11.78	0.3366	13.38	14.36	1.308	-4.274	-4.628	1.071	10.39	17.89	10.15	-4.467	-13.85	-12.95	-4.046	7.433	2.747	-10.15	-17.49	-17.81	-12.01	-2.795	6.231	12.92	16.78	17.97	16.8	13.74	9.376	4.395	-0.6373	-5.347	-9.561	-13.24	-16.41	-19.13	-21.48	0	0	0	0	0	1
8.5	14.72	100	66.83	25.29	3.385	2.093	8.495	14.46	16.25	13.05	7.985	4.732	4.462	4.971	5.261	4.662	2.74	-0.5131	-0.8813	1.467	3.658	4.045	2.576	0.03395	0.4665	3.172	5.096	5.652	4.841	3.116	1.267	-0.148	-0.9504	-1.151	-0.8288	-0.09944	0.8873	1.979	3.057	4.048	4.923	5.68	6.33	6.887	7.366	0	0	0	0	0	2
9	-28.32	66.83	100	64.24	23.32	6.236	4.211	9.237	14.89	16.79	14.57	9.252	4.193	3.364	3.998	5.282	5.762	3.53	0.3199	-0.7591	0.0824	1.572	2.463	1.774	0.09825	0.06938	1.016	2.131	2.967	3.288	3.173	2.865	2.545	2.3	2.154	2.103	2.13	2.21	2.322	2.451	2.585	2.719	2.849	2.975	3.094	0	0	0	0	0	3
9.5	21.4	25.29	64.24	100	84.36	56.14	27.35	9.809	5.628	10.79	18.08	18.6	8.181	3.446	2.77	6.53	12.48	16.41	10.29	-0.09054	-7.056	-7.086	-1.466	6.66	4.696	-3.344	-8.187	-8.635	-5.203	0.4631	6.153	10.54	13.3	14.49	14.23	12.76	10.4	7.541	4.546	1.671	-0.951	-3.273	-5.299	-7.056	-8.58	0	0	0	0	0	4
10	39.11	3.385	23.32	84.36	100	88.1	60.47	33.51	15.18	7.485	8.783	13.65	11.56	8.782	7.223	7.57	9.229	11.17	9.688	4.756	-0.4189	-2.613	-0.9172	4.598	6.47	2.744	-0.7643	-2.276	-1.52	0.9565	4.044	6.876	9.084	10.54	11.2	11.07	10.28	9.004	7.478	5.881	4.331	2.891	1.585	0.4158	-0.6272	0	0	0	0	0	5
10.5	25.37	2.093	6.236	56.14	88.1	100	89.41	66.83	40.45	17.05	4.517	6.46	12.74	13.88	12.8	9.423	4.458	0.1322	2.808	7.348	8.642	6.384	2.748	0.8567	4.903	8.799	9.869	8.906	6.656	4.07	2.105	1.158	1.17	1.927	3.192	4.72	6.278	7.691	8.868	9.792	10.49	11.01	11.38	11.66	11.85	0	0	0	0	0	6
11	2.121	8.495	4.211	27.35	60.47	89.41	100	91.5	68.69	38.09	13.48	5.045	10.53	13.86	14.48	10.95	3.443	-5.886	-4.028	4.868	11.33	11.42	6.291	-0.7773	1.479	8.931	13.46	14.2	11.59	7.005	2.448	-0.8268	-2.517	-2.741	-1.748	0.1445	2.563	5.148	7.632	9.863	11.79	13.43	14.8	15.96	16.94	0	0	0	0	0	7
11.5	-12.3	14.46	9.237	9.809	33.51	66.83	91.5	100	90.6	65.14	36.29	13.87	7.059	8.728	11.23	11.9	8.449	-0.9404	-5.059	-0.7424	5.561	8.744	7.204	1.152	-0.9504	3.419	7.773	10.09	9.919	7.738	4.839	2.329	0.6711	-0.05606	0.06805	0.8817	2.162	3.674	5.224	6.69	8.013	9.179	10.19	11.08	11.85	0	0	0	0	0	8
12	-11.78	16.25	14.89	5.628	15.18	40.45	68.69	90.6	100	90.04	66.74	32.63	5.954	1.985	5.203	12.47	18.13	14.33	2.171	-5.225	-5.094	-0.3299	4.643	5.619	-0.2976	-3.723	-3.21	-0.6186	2.719	5.629	7.452	8.248	8.33	7.947	7.248	6.348	5.354	4.371	3.476	2.709	2.077	1.571	1.173	0.8617	0.621	0	0	0	0	0	9
12.5	0.3366	13.05	16.79	10.79	7.485	17.05	38.09	65.14	90.04	100	90.94	55.84	12.07	0.5059	1.888	13.73	28.11	32.69	15.56	-4.013	-13.21	-10.16	-0.1403	9.868	3.817	-7.099	-11.91	-10.87	-5.549	1.62	8.06	12.54	14.98	15.63	14.78	12.75	9.923	6.739	3.556	0.6058	-2.004	-4.254	-6.17	-7.793	-9.169	0	0	0	0	0	10
13	13.38	7.985	14.57	18.08	8.783	4.517	13.48	36.29	66.74	90.94	100	79.96	32.82	14.96	11.46	21.23	36.41	44.61	28.25	4.034	-11.71	-12.94	-3.069	11.78	9.457	-3.593	-11.7	-13.14	-8.877	-1.333	6.36	12.32	16.09	17.76	17.54	15.74	12.8	9.234	5.504	1.931	-1.316	-4.18	-6.669	-8.818	-10.67	0	0	0	0	0	11
13.5	14.36	4.732	9.252	18.6	13.65	6.46	5.045	13.87	32.63	55.84	79.96	100	79.63	63.01	53.01	49.37	46.91	38.87	26.52	13.4	2.999	-0.6004	2.507	10.82	12.13	5.629	0.1524	-2.366	-1.956	0.5623	3.829	6.824	9.126	10.61	11.24	11.06	10.2	8.864	7.291	5.664	4.1	2.659	1.363	0.2098	-0.8112	0	0	0	0	0	12
14	1.308	4.462	4.193	8.181	11.56	12.74	10.53	7.059	5.954	12.07	32.82	79.63	100	95.79	87.64	73.87	51.44	18.51	5.907	8.739	12.56	13.4	11.42	7.868	6.858	8.18	8.909	8.504	6.985	4.851	2.885	1.556	0.9356	0.9259	1.385	2.154	3.074	4.005	4.857	5.59	6.197	6.692	7.093	7.419	7.685	0	0	0	0	0	13
14.2	-4.274	4.971	3.364	3.446	8.782	13.88	13.86	8.728	1.985	0.5059	14.96	63.01	95.79	100	96.42	83.94	58.08	15.8	-1.994	2.615	10.77	14.94	13.75	7.663	3.955	5.938	8.26	9.146	8.233	5.974	3.404	1.314	-0.02442	-0.6162	-0.5571	0.0131	0.9216	1.993	3.086	4.112	5.03	5.832	6.523	7.117	7.63	0	0	0	0	0	14
14.4	-4.628	5.261	3.998	2.77	7.223	12.8	14.48	11.23	5.203	1.888	11.46	53.01	87.64	96.42	100	93.71	71.92	26.78	0.8023	-0.3931	5.917	11.4	12.87	9.035	3.885	3.606	5.033	6.195	6.368	5.514	4.165	2.878	1.922	1.358	1.163	1.273	1.603	2.058	2.562	3.06	3.525	3.945	4.319	4.65	4.943	0	0	0	0	0	15
14.6	1.071	4.662	5.282	6.53	7.57	9.423	10.95	11.9	12.47	13.73	21.23	49.37	73.87	83.94	93.71	100	90.31	52.31	18.36	4.434	1.391	4.015	8.22	11.05	7.571	3.341	1.485	1.356	2.209	3.393	4.432	5.164	5.604	5.788	5.737	5.47	5.032	4.487	3.906	3.339	2.819	2.358	1.956	1.609	1.312	0	0	0	0	0	16
14.8	10.39	2.74	5.762	12.48	9.229	4.458	3.443	8.449	18.13	28.11	36.41	46.91	51.44	58.08	71.92	90.31	100	81.41	47.08	19.59	2.273	-3.06	0.9773	11.44	13.62	6.675	0.8017	-1.983	-1.826	0.4153	3.41	6.174	8.3	9.671	10.26	10.11	9.331	8.13	6.711	5.243	3.834	2.538	1.373	0.3383	-0.5759	0	0	0	0	0	17
15	17.89	-0.5131	3.53	16.41	11.17	0.1322	-5.886	-0.9404	14.33	32.69	44.61	38.87	18.51	15.8	26.78	52.31	81.41	100	85.2	54.07	21.99	1.376	-4.007	7.391	19.84	16.81	9.517	3.378	-0.1424	-0.7742	0.7042	3.153	5.772	8.113	9.915	11.03	11.42	11.19	10.52	9.579	8.522	7.441	6.394	5.408	4.494	0	0	0	0	0	18
15.5	10.15	-0.8813	0.3199	10.29	9.688	2.808	-4.028	-5.059	2.171	15.56	28.25	26.52	5.907	-1.994	0.8023	18.36	47.08	85.2	100	87.31	58.67	29.07	8.564	4.29	18.25	25.13	23.5	18.07	11.23	5.011	0.9211	-0.8328	-0.7626	0.5497	2.614	5.002	7.355	9.418	11.08	12.32	13.22	13.83	14.24	14.49	14.64	0	0	0	0	0	19
16	-4.467	1.467	-0.7591	-0.09054	4.756	7.348	4.868	-0.7424	-5.225	-4.013	4.034	13.4	8.739	2.615	-0.3931	4.434	19.59	54.07	87.31	100	89.21	64.29	35.64	10.64	11.52	22.81	28.09	27.2	21.47	13.3	5.699	0.3409	-2.564	-3.362	-2.499	-0.4551	2.272	5.222	8.059	10.6	12.78	14.61	16.13	17.4	18.45	0	0	0	0	0	20
16.5	-13.85	3.658	0.0824	-7.056	-0.4189	8.642	11.33	5.561	-5.094	-13.21	-11.71	2.999	12.56	10.77	5.917	1.391	2.273	21.99	58.67	89.21	100	90.39	66	28.34	7.776	12.71	20.14	23.88	22.81	17.89	11.65	6.169	2.24	-0.0601	-0.8988	-0.5436	0.6698	2.384	4.291	6.181	7.938	9.517	10.91	12.13	13.2	0	0	0	0	0	21
17	-12.95	4.045	1.572	-7.086	-2.613	6.384	11.42	8.744	-0.3299	-10.16	-12.94	-0.6004	13.4	14.94	11.4	4.015	-3.06	1.376	29.07	64.29	90.39	100	90.25	54.76	14.94	4.918	7.414	12.21	15.62	16.35	14.88	12.47	9.983	7.784	6.001	4.665	3.758	3.225	2.989	2.967	3.087	3.295	3.551	3.832	4.121	0	0	0	0	0	22
17.5	-4.046	2.576	2.463	-1.466	-0.9172	2.748	6.291	7.204	4.643	-0.1403	-3.069	2.507	11.42	13.75	12.87	8.22	0.9773	-4.007	8.564	35.64	66	90.25	100	81.76	35.57	9.322	1.447	1.921	5.757	9.995	13	14.5	14.82	14.26	13.04	11.33	9.346	7.306	5.383	3.678	2.224	1.014	0.01798	-0.7989	-1.469	0	0	0	0	0	23
18	7.433	0.03395	1.774	6.66	4.598	0.8567	-0.7773	1.152	5.619	9.868	11.78	10.82	7.868	7.663	9.035	11.05	11.44	7.391	4.29	10.64	28.34	54.76	81.76	100	76.33	42.91	21.63	9.972	4.586	3.464	4.777	7.027	9.353	11.33	12.73	13.44	13.46	12.92	11.99	10.87	9.696	8.545	7.466	6.476	5.579	0	0	0	0	0	24
19	2.747	0.4665	0.09825	4.696	6.47	4.903	1.479	-0.9504	-0.2976	3.817	9.457	12.13	6.858	3.955	3.885	7.571	13.62	19.84	18.25	11.52	7.776	14.94	35.57	76.33	100	87.67	67.96	48.24	29.37	13.47	2.709	-2.891	-4.561	-3.543	-0.7935	2.902	6.875	10.62	13.84	16.45	18.48	20.04	21.21	22.08	22.74	0	0	0	0	0	25
20	-10.15	3.172	0.06938	-3.344	2.744	8.799	8.931	3.419	-3.723	-7.099	-3.593	5.629	8.18	5.938	3.606	3.341	6.675	16.81	25.13	22.81	12.71	4.918	9.322	42.91	87.67	100	93.36	78.62	57.91	35.25	16.05	2.819	-4.775	-7.889	-7.623	-4.968	-0.8687	3.826	8.484	12.74	16.44	19.58	22.21	24.41	26.25	0	0	0	0	0	26
21	-17.49	5.096	1.016	-8.187	-0.7643	9.869	13.46	7.773	-3.21	-11.91	-11.7	0.1524	8.909	8.26	5.033	1.485	0.8017	9.517	23.5	28.09	20.14	7.414	1.447	21.63	67.96	93.36	100	94.28	79.26	57.99	36.8	19.91	8.156	0.9191	-2.66	-3.401	-2.113	0.4131	3.515	6.729	9.787	12.57	15.04	17.2	19.09	0	0	0	0	0	27
22	-17.81	5.652	2.131	-8.635	-2.276	8.906	14.2	10.09	-0.6186	-10.87	-13.14	-2.366	8.504	9.146	6.195	1.356	-1.983	3.378	18.07	27.2	23.88	12.21	1.921	9.972	48.24	78.62	94.28	100	93.79	78.94	60.43	43.34	29.56	19.16	11.7	6.727	3.787	2.416	2.152	2.592	3.434	4.473	5.581	6.688	7.752	0	0	0	0	0	28
23	-12.01	4.841	2.967	-5.203	-1.52	6.656	11.59	9.919	2.719	-5.549	-8.877	-1.956	6.985	8.233	6.368	2.209	-1.826	-0.1424	11.23	21.47	22.81	15.62	5.757	4.586	29.37	57.91	79.26	93.79	100	93.92	81.78	67.7	54.38	42.55	32.23	23.4	16.08	10.27	5.871	2.675	0.4334	-1.092	-2.095	-2.727	-3.097	0	0	0	0	0	29
24	-2.795	3.116	3.288	0.4631	0.9565	4.07	7.005	7.738	5.629	1.62	-1.333	0.5623	4.851	5.974	5.514	3.393	0.4153	-0.7742	5.011	13.3	17.89	16.35	9.995	3.464	13.47	35.25	57.99	78.94	93.92	100	94.99	86.28	75.78	64.7	53.47	42.38	31.91	22.52	14.52	7.961	2.732	-1.378	-4.588	-7.095	-9.058	0	0	0	0	0	30
25	6.231	1.267	3.173	6.153	4.044	2.105	2.448	4.839	7.452	8.06	6.36	3.829	2.885	3.404	4.165	4.432	3.41	0.7042	0.9211	5.699	11.65	14.88	13	4.777	2.709	16.05	36.8	60.43	81.78	94.99	100	96.06	89.68	81.07	70.83	59.5	47.78	36.49	26.29	17.48	10.12	4.072	-0.8612	-4.881	-8.166	0	0	0	0	0	31
26	12.92	-0.148	2.865	10.54	6.876	1.158	-0.8268	2.329	8.248	12.54	12.32	6.824	1.556	1.314	2.878	5.164	6.174	3.153	-0.8328	0.3409	6.169	12.47	14.5	7.027	-2.891	2.819	19.91	43.34	67.7	86.28	96.06	100	96.65	91.33	83.37	73.33	62.01	50.42	39.43	29.59	21.09	13.91	7.902	2.891	-1.296	0	0	0	0	0	32
27	16.78	-0.9504	2.545	13.3	9.084	1.17	-2.517	0.6711	8.33	14.98	16.09	9.126	0.9356	-0.02442	1.922	5.604	8.3	5.772	-0.7626	-2.564	2.24	9.983	14.82	9.353	-4.561	-4.775	8.156	29.56	54.38	75.78	89.68	96.65	100	96.86	91.86	84.1	74.33	63.62	52.96	43.04	34.24	26.61	20.09	14.56	9.859	0	0	0	0	0	33
28	17.97	-1.151	2.3	14.49	10.54	1.927	-2.741	-0.05606	7.947	15.63	17.76	10.61	0.9259	-0.6162	1.358	5.788	9.671	8.113	0.5497	-3.362	-0.0601	7.784	14.26	11.33	-3.543	-7.889	0.9191	19.16	42.55	64.7	81.07	91.33	96.86	100	96.9	92.03	84.61	75.62	66.1	56.87	48.4	40.88	34.32	28.66	23.77	0	0	0	0	0	34
29	16.8	-0.8288	2.154	14.23	11.2	3.192	-1.748	0.06805	7.248	14.78	17.54	11.24	1.385	-0.5571	1.163	5.737	10.26	9.915	2.614	-2.499	-0.8988	6.001	13.04	12.73	-0.7935	-7.623	-2.66	11.7	32.23	53.47	70.83	83.37	91.86	96.9	100	96.96	92.39	85.72	77.97	70	62.39	55.43	49.22	43.76	38.98	0	0	0	0	0	35
30	13.74	-0.09944	2.103	12.76	11.07	4.72	0.1445	0.8817	6.348	12.75	15.74	11.06	2.154	0.0131	1.273	5.47	10.11	11.03	5.002	-0.4551	-0.5436	4.665	11.33	13.44	2.902	-4.968	-3.401	6.727	23.4	42.38	59.5	73.33	84.1	92.03	96.96	100	97.15	93.16	87.57	81.27	74.92	68.88	63.34	58.36	53.92	0	0	0	0	0	36
31	9.376	0.8873	2.13	10.4	10.28	6.278	2.563	2.162	5.354	9.923	12.8	10.2	3.074	0.9216	1.603	5.032	9.331	11.42	7.355	2.272	0.6698	3.758	9.346	13.46	6.875	-0.8687	-2.113	3.787	16.08	31.91	47.78	62.01	74.33	84.61	92.39	97.15	100	97.48	94.23	89.83	84.96	80.07	75.42	71.12	67.21	0	0	0	0	0	37
32	4.395	1.979	2.21	7.541	9.004	7.691	5.148	3.674	4.371	6.739	9.234	8.864	4.005	1.993	2.058	4.487	8.13	11.19	9.418	5.222	2.384	3.225	7.306	12.92	10.62	3.826	0.4131	2.416	10.27	22.52	36.49	50.42	63.62	75.62	85.72	93.16	97.48	100	97.88	95.39	92.07	88.42	84.75	81.24	77.96	0	0	0	0	0	38
33	-0.6373	3.057	2.322	4.546	7.478	8.868	7.632	5.224	3.476	3.556	5.504	7.291	4.857	3.086	2.562	3.906	6.711	10.52	11.08	8.059	4.291	2.989	5.383	11.99	13.84	8.484	3.515	2.152	5.871	14.52	26.29	39.43	52.96	66.1	77.97	87.57	94.23	97.88	100	98.27	96.43	93.99	91.31	88.6	85.97	0	0	0	0	0	39
34	-5.347	4.048	2.451	1.671	5.881	9.792	9.863	6.69	2.709	0.6058	1.931	5.664	5.59	4.112	3.06	3.339	5.243	9.579	12.32	10.6	6.181	2.967	3.678	10.87	16.45	12.74	6.729	2.592	2.675	7.961	17.48	29.59	43.04	56.87	70	81.27	89.83	95.39	98.27	100	98.61	97.28	95.51	93.55	91.55	0	0	0	0	0	40
35	-9.561	4.923	2.585	-0.951	4.331	10.49	11.79	8.013	2.077	-2.004	-1.316	4.1	6.197	5.03	3.525	2.819	3.834	8.522	13.22	12.78	7.938	3.087	2.224	9.696	18.48	16.44	9.787	3.434	0.4334	2.732	10.12	21.09	34.24	48.4	62.39	74.92	84.96	92.07	96.43	98.61	100	98.88	97.92	96.64	95.2	0	0	0	0	0	41
36	-13.24	5.68	2.719	-3.273	2.891	11.01	13.43	9.179	1.571	-4.254	-4.18	2.659	6.692	5.832	3.945	2.358	2.538	7.441	13.83	14.61	9.517	3.295	1.014	8.545	20.04	19.58	12.57	4.473	-1.092	-1.378	4.072	13.91	26.61	40.88	55.43	68.88	80.07	88.42	93.99	97.28	98.88	100	99.09	98.4	97.47	0	0	0	0	0	42
37	-16.41	6.33	2.849	-5.299	1.585	11.38	14.8	10.19	1.173	-6.17	-6.669	1.363	7.093	6.523	4.319	1.956	1.373	6.394	14.24	16.13	10.91	3.551	0.01798	7.466	21.21	22.21	15.04	5.581	-2.095	-4.588	-0.8612	7.902	20.09	34.32	49.22	63.34	75.42	84.75	91.31	95.51	97.92	99.09	100	99.25	98.75	0	0	0	0	0	43
38	-19.13	6.887	2.975	-7.056	0.4158	11.66	15.96	11.08	0.8617	-7.793	-8.818	0.2098	7.419	7.117	4.65	1.609	0.3383	5.408	14.49	17.4	12.13	3.832	-0.7989	6.476	22.08	24.41	17.2	6.688	-2.727	-7.095	-4.881	2.891	14.56	28.66	43.76	58.36	71.12	81.24	88.6	93.55	96.64	98.4	99.25	100	99.38	0	0	0	0	0	44
39	-21.48	7.366	3.094	-8.58	-0.6272	11.85	16.94	11.85	0.621	-9.169	-10.67	-0.8112	7.685	7.63	4.943	1.312	-0.5759	4.494	14.64	18.45	13.2	4.121	-1.469	5.579	22.74	26.25	19.09	7.752	-3.097	-9.058	-8.166	-1.296	9.859	23.77	38.98	53.92	67.21	77.96	85.97	91.55	95.2	97.47	98.75	99.38	100	0	0	0	0	0	45
40	0	0	0	0	0	0	0	0	0	0	0	0	0	0	0	0	0	0	0	0	0	0	0	0	0	0	0	0	0	0	0	0	0	0	0	0	0	0	0	0	0	0	0	0	0	100	0	0	0	0	46
40.0001	0	0	0	0	0	0	0	0	0	0	0	0	0	0	0	0	0	0	0	0	0	0	0	0	0	0	0	0	0	0	0	0	0	0	0	0	0	0	0	0	0	0	0	0	0	0	100	99.42	99.3	99.3	47
42	0	0	0	0	0	0	0	0	0	0	0	0	0	0	0	0	0	0	0	0	0	0	0	0	0	0	0	0	0	0	0	0	0	0	0	0	0	0	0	0	0	0	0	0	0	0	99.42	100	99.43	99.43	48
50	0	0	0	0	0	0	0	0	0	0	0	0	0	0	0	0	0	0	0	0	0	0	0	0	0	0	0	0	0	0	0	0	0	0	0	0	0	0	0	0	0	0	0	0	0	0	99.3	99.43	100	99.43	49
60	0	0	0	0	0	0	0	0	0	0	0	0	0	0	0	0	0	0	0	0	0	0	0	0	0	0	0	0	0	0	0	0	0	0	0	0	0	0	0	0	0	0	0	0	0	0	99.3	99.43	99.43	100	50
i 	1	2	3	4	5	6	7	8	9	10	11	12	13	14	15	16	17	18	19	20	21	22	23	24	25	26	27	28	29	30	31	32	33	34	35	36	37	38	39	40	41	42	43	44	45	46	47	48	49	50	
