#ZVView-data-copy: 18-Nov-2018 22:54:07																																																							
																																																																																																														
#																																																							
#MT107:LB5:Symmetric Matrix																																																							
Z(54x54): Zi,j = Cor(σXi,σYj)*100																																																							
	X (MeV)																																																						
Y(MeV)	3.24926	6	6.5	6.75	7	7.25	7.5	7.75	8	8.25	8.5	8.75	9	9.25	9.5	9.75	10	10.25	10.5	10.75	11	11.25	11.5	11.75	12	12.5	13	13.5	13.75	14	14.2	14.4	14.6	14.8	15	15.5	16	16.5	17	17.5	18	18.5	19	19.5	20	22.5	25	30	34	35	40	42	50	60	j
3.24926	100	-26.5	15.3	8.075	-19.24	-10.31	12.17	18.97	9.8	-5.416	-17.31	-21.98	-19.67	-12.13	-1.906	8.283	16.37	21.33	22.91	21.22	16.62	9.743	1.652	-6.135	-12.84	-7.187	7.9	4.541	-6.44	-5.779	1.199	7.146	6.405	0.5498	-9.474	-14.96	-11.78	-3.138	6.923	14.96	19.45	20.35	18.27	14.09	-1.794	-16.83	-4.258	5.463	5.369	-3.277	0	0	0	0	1
6	-26.5	100	41.64	17.82	25.82	35.73	33.38	27.67	25.45	26.1	27.65	28.89	29.17	28.16	25.87	22.79	19.62	16.93	15.01	13.97	13.79	14.33	15.33	16.43	17.17	14.09	7.667	4.289	5.098	5.344	4.329	2.727	1.755	1.923	3.481	5.211	5.564	4.526	2.662	0.7339	-0.7518	-1.615	-1.873	-1.636	0.4974	3.125	1.155	-0.7153	-0.7029	0.5872	0	0	0	0	2
6.5	15.3	41.64	100	61.09	26.65	24	33.69	38.64	37.07	31.12	24.36	19.43	16.96	16.54	17.39	18.79	20.17	21.25	21.86	21.9	21.29	19.97	17.99	15.5	11.67	8.082	7.805	6.311	2.95	2.097	3.127	4.432	4.571	3.536	1.462	0.003801	0.1919	1.473	3.14	4.568	5.444	5.709	5.428	4.726	1.706	-1.809	-0.665	0.746	0.7331	-0.3465	0	0	0	0	3
6.75	8.075	17.82	61.09	100	74.22	44.56	29.3	28.6	33.49	37.04	37.13	34.84	31.45	27.65	23.93	20.74	18.45	17.17	16.81	17.19	18.03	19.04	19.84	20.06	18.58	13.01	7.221	5.837	5.675	4.763	3.728	3.08	3.163	3.681	4.564	4.934	4.437	3.375	2.196	1.291	0.8135	0.7311	0.9373	1.311	2.447	2.706	0.3736	-0.424	-0.4167	0.482	0	0	0	0	4
7	-19.24	25.82	26.65	74.22	100	81.41	51.45	33.52	30.31	34.14	38.77	41.56	41.85	39.62	35.34	30.04	24.86	20.62	17.72	16.25	16.13	17.12	18.85	20.76	22.34	18.63	9.905	5.318	6.739	7.263	5.884	3.591	2.145	2.319	4.464	6.905	7.468	6.116	3.611	0.9828	-1.074	-2.306	-2.727	-2.479	0.2881	3.983	1.858	-0.9531	-0.9366	0.7745	0	0	0	0	5
7.25	-10.31	35.73	24	44.56	81.41	100	84.3	63.74	49.1	40.56	36.57	35.53	35.86	36.23	35.8	34.39	32.34	30.1	28	26.19	24.72	23.54	22.6	21.77	20.49	17.2	12.43	7.5	5.797	6.161	6.533	5.936	4.473	3.172	2.574	3.305	4.44	5.156	5.178	4.635	3.801	2.894	2.045	1.324	0.2446	0.173	0.7685	0.114	0.112	0.06603	0	0	0	0	6
7.5	12.17	33.38	33.69	29.3	51.45	84.3	100	90.3	75.2	58.02	43.52	34.13	29.5	28.2	28.76	30.04	31.32	32.27	32.73	32.61	31.78	30.16	27.74	24.65	19.6	13.86	11.84	9.479	5.61	4.58	5.562	6.702	6.498	5.116	2.782	1.325	1.656	3.044	4.721	6.074	6.828	6.952	6.524	5.678	2.303	-1.637	-0.7438	0.7832	0.7697	-0.3176	0	0	0	0	7
7.75	18.97	27.67	38.64	28.6	33.52	63.74	90.3	100	92.33	77.62	60.47	46.12	36.11	30.01	26.97	26.09	26.58	27.81	29.3	30.67	31.55	31.61	30.59	28.37	23.13	14.89	10.64	9.774	6.961	5.143	5.052	5.85	6.383	6.1	4.895	3.486	2.873	2.997	3.622	4.417	5.118	5.571	5.708	5.527	3.748	0.3729	-0.7363	0.354	0.3479	0.02632	0	0	0	0	8
8	9.8	25.45	37.07	33.49	30.31	49.1	75.2	92.33	100	93.13	80.54	66.44	53.68	43.03	34.7	28.85	25.4	24.04	24.29	25.66	27.63	29.66	31.16	31.56	29.1	20.22	11.33	9.223	8.776	7.348	5.898	5.058	5.193	5.844	6.894	7.221	6.464	5.027	3.494	2.348	1.761	1.67	1.923	2.358	3.558	3.469	0.4423	-0.4818	-0.4734	0.6096	0	0	0	0	9
8.25	-5.416	26.1	31.12	37.04	34.14	40.56	58.02	77.62	93.13	100	94.67	85.1	73.3	60.73	48.52	37.93	29.89	24.71	22.23	22.05	23.66	26.47	29.73	32.53	33.71	26.47	13.97	8.588	9.775	9.573	7.585	5.158	4.1	4.774	7.383	9.717	9.708	7.651	4.585	1.684	-0.3732	-1.424	-1.581	-1.065	2.071	5.216	1.796	-1.039	-1.021	0.969	0	0	0	0	10
8.5	-17.31	27.65	24.36	37.13	38.77	36.57	43.52	60.47	80.54	94.67	100	96.01	88.08	76.84	63.73	50.68	39.42	30.93	25.46	22.86	22.77	24.71	27.98	31.64	35.28	30.89	17.6	8.558	9.631	10.76	9.347	6.275	3.916	3.705	6.325	9.813	11	9.553	6.385	2.861	-0.03889	-1.921	-2.762	-2.72	0.2887	4.792	2.549	-1.037	-1.019	0.9307	0	0	0	0	11
8.75	-21.98	28.89	19.43	34.84	41.56	35.53	34.13	46.12	66.44	85.1	96.01	100	96.61	89.02	77.75	64.82	52.38	41.91	34.05	28.93	26.4	26.19	27.83	30.58	34.58	32.84	21.32	9.499	8.845	10.85	10.75	8.109	4.846	3.288	4.559	8.019	10.32	10.3	8.27	5.306	2.404	0.1067	-1.398	-2.122	-0.9439	2.779	2.502	-0.5802	-0.5702	0.5875	0	0	0	0	12
9	-19.67	29.17	16.96	31.45	41.85	35.86	29.5	36.11	53.68	73.3	88.08	96.61	100	96.78	89.29	78.61	66.92	55.96	46.68	39.46	34.35	31.32	30.19	30.59	32.83	32.53	24.39	11.35	7.984	10.14	11.6	10.2	6.66	3.76	2.907	5.31	8.298	9.95	9.754	8.174	5.977	3.739	1.791	0.2868	-1.244	0.112	1.792	0.1023	0.1006	0.1058	0	0	0	0	13
9.25	-12.13	28.16	16.54	27.65	39.62	36.23	28.2	30.01	43.03	60.73	76.84	89.02	96.78	100	96.95	90.07	80.74	70.75	61.22	52.68	45.39	39.47	35.04	32.19	30.87	30.26	26.09	13.74	7.448	8.957	11.75	12.03	8.915	5.068	1.946	2.593	5.653	8.711	10.47	10.65	9.617	7.87	5.812	3.74	-0.5455	-2.37	0.6732	0.7917	0.778	-0.3603	0	0	0	0	14
9.5	-1.906	25.87	17.39	23.93	35.34	35.8	28.76	26.97	34.7	48.52	63.73	77.75	89.29	96.95	100	97.31	91.48	83.69	75.09	66.31	57.65	49.38	41.83	35.46	29.44	26.6	25.93	16.18	7.504	7.684	11.18	13.14	11.08	6.953	2.027	0.6615	3.131	6.935	10.24	12.07	12.36	11.4	9.594	7.32	0.9738	-3.988	-0.5422	1.301	1.279	-0.6831	0	0	0	0	15
9.75	8.283	22.79	18.79	20.74	30.04	34.39	30.04	26.09	28.85	37.93	50.68	64.82	78.61	90.07	97.31	100	97.77	92.96	86.28	78.31	69.37	59.71	49.79	40.3	29.29	22.53	24	18.22	8.286	6.721	10.12	13.35	12.71	9.051	3.209	0.04661	1.396	5.109	9.174	12.17	13.59	13.53	12.27	10.19	2.943	-4.377	-1.549	1.521	1.495	-0.7898	0	0	0	0	16
10	16.37	19.62	20.17	18.45	24.86	32.34	31.32	26.58	25.4	29.89	39.42	52.38	66.92	80.74	91.48	97.77	100	98.15	93.98	87.69	79.5	69.57	58.34	46.58	30.99	19.14	20.87	19.66	9.788	6.392	8.895	12.75	13.61	11.02	5.295	0.8947	0.8476	3.698	7.636	11.09	13.26	13.99	13.43	11.88	4.947	-3.559	-2.146	1.441	1.416	-0.6771	0	0	0	0	17
10.25	21.33	16.93	21.25	17.17	20.62	30.1	32.27	27.81	24.04	24.71	30.93	41.91	55.96	70.75	83.69	92.96	98.15	100	98.35	94.33	87.74	78.61	67.18	54.17	34.88	17.29	17.28	20.45	11.9	6.87	7.869	11.61	13.76	12.64	7.957	3.047	1.588	3.016	6.034	9.212	11.63	12.94	13.09	12.24	6.658	-1.802	-2.263	1.119	1.099	-0.3887	0	0	0	0	18
10.5	22.91	15.01	21.86	16.81	17.72	28	32.73	29.3	24.29	22.23	25.46	34.05	46.68	61.22	75.09	86.28	93.98	98.35	100	98.37	94.06	86.63	76.08	62.9	41.09	17.6	13.89	20.61	14.42	8.2	7.305	10.21	13.25	13.72	10.82	6.186	3.528	3.229	4.722	6.987	9.151	10.71	11.46	11.38	7.847	0.5351	-1.912	0.6367	0.6257	0.01376	0	0	0	0	19
10.75	21.22	13.97	21.9	17.19	16.25	26.19	32.61	30.67	25.66	22.05	22.86	28.93	39.46	52.68	66.31	78.31	87.69	94.33	98.37	100	98.24	93.3	84.66	72.43	49.53	20.52	11.34	20.11	17.08	10.32	7.4	8.811	12.16	14.11	13.48	9.893	6.453	4.397	3.995	4.838	6.266	7.723	8.851	9.47	8.348	3.072	-1.155	0.08065	0.07926	0.4637	0	0	0	0	20
11	16.62	13.79	21.29	18.03	16.13	24.72	31.78	31.55	27.63	23.66	22.77	26.4	34.35	45.39	57.65	69.37	79.5	87.74	94.06	98.24	100	98	92.21	82.1	59.86	26.41	10.32	18.91	19.47	13.04	8.294	7.696	10.6	13.63	15.44	13.62	10.02	6.484	4.103	3.205	3.494	4.466	5.67	6.781	8.031	5.391	-0.09303	-0.4568	-0.4489	0.8875	0	0	0	0	21
11.25	9.743	14.33	19.97	19.04	17.12	23.54	30.16	31.61	29.66	26.47	24.71	26.19	31.32	39.47	49.38	59.71	69.57	78.61	86.63	93.3	98	100	97.69	90.86	71.38	35.47	11.6	17.04	21.01	16.02	10.05	7.171	8.757	12.15	16.15	16.67	13.7	9.315	5.239	2.552	1.437	1.56	2.463	3.728	6.851	7.03	1.112	-0.8763	-0.8611	1.203	0	0	0	0	22
11.5	1.652	15.33	17.99	19.84	18.85	22.6	27.74	30.59	31.16	29.73	27.98	27.83	30.19	35.04	41.83	49.79	58.34	67.18	76.08	84.66	92.21	97.69	100	97.31	82.92	47.56	16.05	14.64	21.06	18.66	12.58	7.566	6.979	9.723	15.12	18.19	16.77	12.52	7.473	3.316	0.7612	-0.2402	-0.04518	0.9251	4.909	7.525	2.23	-1.075	-1.056	1.327	0	0	0	0	23
11.75	-6.135	16.43	15.5	20.06	20.76	21.77	24.65	28.37	31.56	32.53	31.64	30.58	30.59	32.19	35.46	40.3	46.58	54.17	62.9	72.43	82.1	90.86	97.31	100	92.8	61.95	24.37	12.17	18.95	20.18	15.56	9.161	5.78	6.675	12.08	17.43	18.37	15.52	10.65	5.768	2.06	-0.1555	-1.018	-0.8401	2.538	6.538	2.972	-0.9712	-0.9544	1.195	0	0	0	0	24
12	-12.84	17.17	11.67	18.58	22.34	20.49	19.6	23.13	29.1	33.71	35.28	34.58	32.83	30.87	29.44	29.29	30.99	34.88	41.09	49.53	59.86	71.38	82.92	92.8	100	84.67	45.37	10.7	10.9	18.04	19.35	14.16	6.883	2.955	4.575	11.08	16.26	17.88	16.15	12.54	8.53	5.004	2.315	0.5301	-0.3235	2.191	2.704	-0.1819	-0.1787	0.4845	0	0	0	0	25
12.5	-7.187	14.09	8.082	13.01	18.63	17.2	13.86	14.89	20.22	26.47	30.89	32.84	32.53	30.26	26.6	22.53	19.14	17.29	17.6	20.52	26.41	35.47	47.56	61.95	84.67	100	79.31	19.98	-2.643	5.931	18.04	22.05	15.56	6.178	-1.791	-0.3052	7.261	15.1	20.18	21.74	20.52	17.58	13.78	9.759	0.7556	-4.534	-0.08028	1.263	1.241	-0.6898	0	0	0	0	26
13	7.9	7.667	7.805	7.221	9.905	12.43	11.84	10.64	11.33	13.97	17.6	21.32	24.39	26.09	25.93	24	20.87	17.28	13.89	11.34	10.32	11.6	16.05	24.37	45.37	79.31	100	58.86	9.844	0.7887	12.63	27.1	31.76	26.64	14.8	7.308	8.756	14.36	20.29	24.31	25.85	25.19	22.86	19.44	8.262	-3.483	-2.26	1.464	1.438	-0.5781	0	0	0	0	27
13.5	4.541	4.289	6.311	5.837	5.318	7.5	9.479	9.774	9.223	8.588	8.558	9.499	11.35	13.74	16.18	18.22	19.66	20.45	20.61	20.11	18.91	17.04	14.64	12.17	10.7	19.98	58.86	100	75.48	47.13	34.34	33.01	36.92	39.53	39.54	36.24	32.41	28.22	23.99	20.28	17.37	15.17	13.48	12.1	9.046	4.674	0.7637	-0.07793	-0.07658	0.8357	0	0	0	0	28
13.75	-6.44	5.098	2.95	5.675	6.739	5.797	5.61	6.961	8.776	9.775	9.631	8.845	7.984	7.448	7.504	8.286	9.788	11.9	14.42	17.08	19.47	21.01	21.06	18.95	10.9	-2.643	9.844	75.48	100	88.31	68.48	47.03	31.07	24.17	25.12	30.19	32.57	30.77	25.82	19.74	14.11	9.577	6.268	4.056	2.215	2.981	2.236	-0.1865	-0.1832	0.601	0	0	0	0	29
14	-5.779	5.344	2.097	4.763	7.263	6.161	4.58	5.143	7.348	9.573	10.76	10.85	10.14	8.957	7.684	6.721	6.392	6.87	8.2	10.32	13.04	16.02	18.66	20.18	18.04	5.931	0.7887	47.13	88.31	100	91.09	68.43	40.47	20.67	10.27	13.16	19.87	24.31	25.09	22.96	19.3	15.16	11.15	7.594	1.279	-1.493	0.7203	0.577	0.567	-0.1609	0	0	0	0	30
14.2	1.199	4.329	3.127	3.728	5.884	6.533	5.562	5.052	5.898	7.585	9.347	10.75	11.6	11.75	11.18	10.12	8.895	7.869	7.305	7.4	8.294	10.05	12.58	15.56	19.35	18.04	12.63	34.34	68.48	91.09	100	89.05	63.26	37.4	14.75	8.175	12.53	18.8	23.34	25.05	24.35	22.03	18.75	15.04	5.543	-2.543	-0.9971	1.029	1.011	-0.3717	0	0	0	0	31
14.4	7.146	2.727	4.432	3.08	3.591	5.936	6.702	5.85	5.058	5.158	6.275	8.109	10.2	12.03	13.14	13.35	12.75	11.61	10.21	8.811	7.696	7.171	7.566	9.161	14.16	22.05	27.1	33.01	47.03	68.43	89.05	100	88.47	67.44	39.56	22.1	18.25	19.55	22.01	23.72	24.16	23.35	21.55	19.04	10.73	0.7426	-1.214	0.7678	0.7545	0.1537	0	0	0	0	32
14.6	6.405	1.755	4.571	3.163	2.145	4.473	6.498	6.383	5.193	4.1	3.916	4.846	6.66	8.915	11.08	12.71	13.61	13.76	13.25	12.16	10.6	8.757	6.979	5.78	6.883	15.56	31.76	36.92	31.07	40.47	63.26	88.47	100	91.87	70.65	48.7	36.07	28.25	23.26	20.2	18.37	17.19	16.25	15.3	11.95	5.712	0.4817	-0.009387	-0.009225	0.9926	0	0	0	0	33
14.8	0.5498	1.923	3.536	3.681	2.319	3.172	5.116	6.1	5.844	4.774	3.705	3.288	3.76	5.068	6.953	9.051	11.02	12.64	13.72	14.11	13.63	12.15	9.723	6.675	2.955	6.178	26.64	39.53	24.17	20.67	37.4	67.44	91.87	100	90.39	71.76	55.09	40.14	27.62	18.44	12.6	9.38	7.946	7.601	8.759	8.448	2.616	-0.6496	-0.6384	1.48	0	0	0	0	34
15	-9.474	3.481	1.462	4.564	4.464	2.574	2.782	4.895	6.894	7.383	6.325	4.559	2.907	1.946	2.027	3.209	5.295	7.957	10.82	13.48	15.44	16.15	15.12	12.08	4.575	-1.791	14.8	39.54	25.12	10.27	14.75	39.56	70.65	90.39	100	92.39	78.04	59.65	40.56	24.27	12.34	4.63	0.3381	-1.437	1.067	6.959	4.472	-0.8254	-0.8111	1.285	0	0	0	0	35
15.5	-14.96	5.211	0.003801	4.934	6.905	3.305	1.325	3.486	7.221	9.717	9.813	8.019	5.31	2.593	0.6615	0.04661	0.8947	3.047	6.186	9.893	13.62	16.67	18.19	17.43	11.08	-0.3052	7.308	36.24	30.19	13.16	8.175	22.1	48.7	71.76	92.39	100	94.27	80.22	61.05	41.64	25.18	12.65	3.892	-1.675	-5.124	0.3916	3.805	-0.1396	-0.1372	0.2332	0	0	0	0	36
16	-11.78	5.564	0.1919	4.437	7.468	4.44	1.656	2.873	6.464	9.708	11	10.32	8.298	5.653	3.131	1.396	0.8476	1.588	3.528	6.453	10.02	13.7	16.77	18.37	16.26	7.261	8.756	32.41	32.57	19.87	12.53	18.25	36.07	55.09	78.04	94.27	100	94.33	80.88	63.61	46.46	31.4	19.06	9.49	-3.985	-6.089	0.9659	0.8244	0.8101	-0.8296	0	0	0	0	37
16.5	-3.138	4.526	1.473	3.375	6.116	5.156	3.044	2.997	5.027	7.651	9.553	10.3	9.95	8.711	6.935	5.109	3.698	3.016	3.229	4.397	6.484	9.315	12.52	15.52	17.88	15.1	14.36	28.22	30.77	24.31	18.8	19.55	28.25	40.14	59.65	80.22	94.33	100	94.75	83.32	68.93	54.14	40.24	27.91	4.55	-8.907	-2.356	1.574	1.547	-1.297	0	0	0	0	38
17	6.923	2.662	3.14	2.196	3.611	5.178	4.721	3.622	3.494	4.585	6.385	8.27	9.754	10.47	10.24	9.174	7.636	6.034	4.722	3.995	4.103	5.239	7.473	10.65	16.15	20.18	20.29	23.99	25.82	25.09	23.34	22.01	23.26	27.62	40.56	61.05	80.88	94.75	100	95.59	86.45	74.54	61.53	48.53	18.63	-6.212	-4.492	1.897	1.864	-0.8488	0	0	0	0	39
17.5	14.96	0.7339	4.568	1.291	0.9828	4.635	6.074	4.417	2.348	1.684	2.861	5.306	8.174	10.65	12.07	12.17	11.09	9.212	6.987	4.838	3.205	2.552	3.316	5.768	12.54	21.74	24.31	20.28	19.74	22.96	25.05	23.72	20.2	18.44	24.27	41.64	63.61	83.32	95.59	100	96.36	88.94	78.74	67.08	35.21	1.663	-4.387	1.86	1.828	0.4739	0	0	0	0	40
18	19.45	-0.7518	5.444	0.8135	-1.074	3.801	6.828	5.118	1.761	-0.3732	-0.03889	2.404	5.977	9.617	12.36	13.59	13.26	11.63	9.151	6.266	3.494	1.437	0.7612	2.06	8.53	20.52	25.85	17.37	14.11	19.3	24.35	24.16	18.37	12.6	12.34	25.18	46.46	68.93	86.45	96.36	100	96.87	90.55	81.59	51.75	13.16	-1.815	1.681	1.652	2.422	0	0	0	0	41
18.5	20.35	-1.615	5.709	0.7311	-2.306	2.894	6.952	5.571	1.67	-1.424	-1.921	0.1067	3.739	7.87	11.4	13.53	13.99	12.94	10.71	7.723	4.466	1.56	-0.2402	-0.1555	5.004	17.58	25.19	15.17	9.577	15.16	22.03	23.35	17.19	9.38	4.63	12.65	31.4	54.14	74.54	88.94	96.87	100	97.18	91.67	66.76	26.64	2.975	1.575	1.548	4.726	0	0	0	0	42
19	18.27	-1.873	5.428	0.9373	-2.727	2.045	6.524	5.708	1.923	-1.581	-2.762	-1.398	1.791	5.812	9.594	12.27	13.43	13.09	11.46	8.851	5.67	2.463	-0.04518	-1.018	2.315	13.78	22.86	13.48	6.268	11.15	18.75	21.55	16.25	7.946	0.3381	3.892	19.06	40.24	61.53	78.74	90.55	97.18	100	97.41	79.26	40.67	9.535	1.698	1.669	7.15	0	0	0	0	43
19.5	14.09	-1.636	4.726	1.311	-2.479	1.324	5.678	5.527	2.358	-1.065	-2.72	-2.122	0.2868	3.74	7.32	10.19	11.88	12.24	11.38	9.47	6.781	3.728	0.9251	-0.8401	0.5301	9.759	19.44	12.1	4.056	7.594	15.04	19.04	15.3	7.601	-1.437	-1.675	9.49	27.91	48.53	67.08	81.59	91.67	97.41	100	88.72	54.06	17.31	2.139	2.101	9.498	0	0	0	0	44
20	-1.794	0.4974	1.706	2.447	0.2881	0.2446	2.303	3.748	3.558	2.071	0.2887	-0.9439	-1.244	-0.5455	0.9738	2.943	4.947	6.658	7.847	8.348	8.031	6.851	4.909	2.538	-0.3235	0.7556	8.262	9.046	2.215	1.279	5.543	10.73	11.95	8.759	1.067	-5.124	-3.985	4.55	18.63	35.21	51.75	66.76	79.26	88.72	100	83.36	43.06	5.771	5.671	14.95	0	0	0	0	45
22.5	-16.83	3.125	-1.809	2.706	3.983	0.173	-1.637	0.3729	3.469	5.216	4.792	2.779	0.112	-2.37	-3.988	-4.377	-3.559	-1.802	0.5351	3.072	5.391	7.03	7.525	6.538	2.191	-4.534	-3.483	4.674	2.981	-1.493	-2.543	0.7426	5.712	8.448	6.959	0.3916	-6.089	-8.907	-6.212	1.663	13.16	26.64	40.67	54.06	83.36	100	78.18	15.41	15.14	19.09	0	0	0	0	46
25	-4.258	1.155	-0.665	0.3736	1.858	0.7685	-0.7438	-0.7363	0.4423	1.796	2.549	2.502	1.792	0.6732	-0.5422	-1.549	-2.146	-2.263	-1.912	-1.155	-0.09303	1.112	2.23	2.972	2.704	-0.08028	-2.26	0.7637	2.236	0.7203	-0.9971	-1.214	0.4817	2.616	4.472	3.805	0.9659	-2.356	-4.492	-4.387	-1.815	2.975	9.535	17.31	43.06	78.18	100	29.09	28.59	19.95	0	0	0	0	47
30	5.463	-0.7153	0.746	-0.424	-0.9531	0.114	0.7832	0.354	-0.4818	-1.039	-1.037	-0.5802	0.1023	0.7917	1.301	1.521	1.441	1.119	0.6367	0.08065	-0.4568	-0.8763	-1.075	-0.9712	-0.1819	1.263	1.464	-0.07793	-0.1865	0.577	1.029	0.7678	-0.009387	-0.6496	-0.8254	-0.1396	0.8244	1.574	1.897	1.86	1.681	1.575	1.698	2.139	5.771	15.41	29.09	100	99.5	93.83	93.26	93.5	93.32	93.32	48
34	5.369	-0.7029	0.7331	-0.4167	-0.9366	0.112	0.7697	0.3479	-0.4734	-1.021	-1.019	-0.5702	0.1006	0.778	1.279	1.495	1.416	1.099	0.6257	0.07926	-0.4489	-0.8611	-1.056	-0.9544	-0.1787	1.241	1.438	-0.07658	-0.1832	0.567	1.011	0.7545	-0.009225	-0.6384	-0.8111	-0.1372	0.8101	1.547	1.864	1.828	1.652	1.548	1.669	2.101	5.671	15.14	28.59	99.5	100	94.36	94.02	93.44	93.37	93.37	49
35	-3.277	0.5872	-0.3465	0.482	0.7745	0.06603	-0.3176	0.02632	0.6096	0.969	0.9307	0.5875	0.1058	-0.3603	-0.6831	-0.7898	-0.6771	-0.3887	0.01376	0.4637	0.8875	1.203	1.327	1.195	0.4845	-0.6898	-0.5781	0.8357	0.601	-0.1609	-0.3717	0.1537	0.9926	1.48	1.285	0.2332	-0.8296	-1.297	-0.8488	0.4739	2.422	4.726	7.15	9.498	14.95	19.09	19.95	93.83	94.36	100	91.32	90.76	90.7	90.7	50
40	0	0	0	0	0	0	0	0	0	0	0	0	0	0	0	0	0	0	0	0	0	0	0	0	0	0	0	0	0	0	0	0	0	0	0	0	0	0	0	0	0	0	0	0	0	0	0	93.26	94.02	91.32	100	99.38	99.31	99.31	51
42	0	0	0	0	0	0	0	0	0	0	0	0	0	0	0	0	0	0	0	0	0	0	0	0	0	0	0	0	0	0	0	0	0	0	0	0	0	0	0	0	0	0	0	0	0	0	0	93.5	93.44	90.76	99.38	100	99.92	99.92	52
50	0	0	0	0	0	0	0	0	0	0	0	0	0	0	0	0	0	0	0	0	0	0	0	0	0	0	0	0	0	0	0	0	0	0	0	0	0	0	0	0	0	0	0	0	0	0	0	93.32	93.37	90.7	99.31	99.92	100	99.92	53
60	0	0	0	0	0	0	0	0	0	0	0	0	0	0	0	0	0	0	0	0	0	0	0	0	0	0	0	0	0	0	0	0	0	0	0	0	0	0	0	0	0	0	0	0	0	0	0	93.32	93.37	90.7	99.31	99.92	99.92	100	54
i 	1	2	3	4	5	6	7	8	9	10	11	12	13	14	15	16	17	18	19	20	21	22	23	24	25	26	27	28	29	30	31	32	33	34	35	36	37	38	39	40	41	42	43	44	45	46	47	48	49	50	51	52	53	54	
