#ZVView-data-copy: 18-Nov-2018 22:52:37																																																																																											
																																														
#																																														
#MT102:LB5:Symmetric Matrix																																														
Z(45x45): Zi,j = Cor(σXi,σYj)*100																																														
	X (MeV)																																													
Y(MeV)	5.50E-07	1.40E-05	2.50E-05	0.00016	0.00021	0.00024	0.00028	0.001	0.002	0.0032	0.0051453	0.0085	0.012339	0.018111	0.039019	0.057273	0.084065	0.11295	0.14219	0.17901	0.22536	0.28371	0.35717	0.44965	0.56607	0.71264	0.89716	1.1295	1.4219	1.7901	2.2536	2.8371	3.5717	4.4965	5.6607	7.1264	8.9716	11.295	14.219	17.901	22.536	28.371	35.717	44.965	60	j
5.50E-07	100	86.33	88.29	5.207	10.3	-15.18	16.59	15.76	18.2	10	14.08	0	0	0	0	0	0	0	0	0	0	0	0	0	0	0	0	0	0	0	0	0	0	0	0	0	0	0	0	0	0	0	0	0	0	1
1.40E-05	86.33	100	57.21	3.749	12.17	-31.16	14.15	12.47	14.07	7.858	10.98	0	0	0	0	0	0	0	0	0	0	0	0	0	0	0	0	0	0	0	0	0	0	0	0	0	0	0	0	0	0	0	0	0	0	2
2.50E-05	88.29	57.21	100	6.612	10.51	8.19	16.45	16.18	18.85	10.35	14.59	0	0	0	0	0	0	0	0	0	0	0	0	0	0	0	0	0	0	0	0	0	0	0	0	0	0	0	0	0	0	0	0	0	0	3
0.00016	5.207	3.749	6.612	100	4.575	6.646	8.925	8.644	9.869	5.319	7.494	0	0	0	0	0	0	0	0	0	0	0	0	0	0	0	0	0	0	0	0	0	0	0	0	0	0	0	0	0	0	0	0	0	0	4
0.00021	10.3	12.17	10.51	4.575	100	77.15	16.01	15.54	17.41	9.835	13.68	0	0	0	0	0	0	0	0	0	0	0	0	0	0	0	0	0	0	0	0	0	0	0	0	0	0	0	0	0	0	0	0	0	0	5
0.00024	-15.18	-31.16	8.19	6.646	77.15	100	18.73	15.4	17.64	9.85	13.79	0	0	0	0	0	0	0	0	0	0	0	0	0	0	0	0	0	0	0	0	0	0	0	0	0	0	0	0	0	0	0	0	0	0	6
0.00028	16.59	14.15	16.45	8.925	16.01	18.73	100	31.11	35.81	20.15	28.13	0	0	0	0	0	0	0	0	0	0	0	0	0	0	0	0	0	0	0	0	0	0	0	0	0	0	0	0	0	0	0	0	0	0	7
0.001	15.76	12.47	16.18	8.644	15.54	15.4	31.11	100	34.08	19.48	27.22	0	0	0	0	0	0	0	0	0	0	0	0	0	0	0	0	0	0	0	0	0	0	0	0	0	0	0	0	0	0	0	0	0	0	8
0.002	18.2	14.07	18.85	9.869	17.41	17.64	35.81	34.08	100	22.06	31.09	0	0	0	0	0	0	0	0	0	0	0	0	0	0	0	0	0	0	0	0	0	0	0	0	0	0	0	0	0	0	0	0	0	0	9
0.0032	10	7.858	10.35	5.319	9.835	9.85	20.15	19.48	22.06	100	17.73	0	0	0	0	0	0	0	0	0	0	0	0	0	0	0	0	0	0	0	0	0	0	0	0	0	0	0	0	0	0	0	0	0	0	10
0.0051453	14.08	10.98	14.59	7.494	13.68	13.79	28.13	27.22	31.09	17.73	100	0	0	0	0	0	0	0	0	0	0	0	0	0	0	0	0	0	0	0	0	0	0	0	0	0	0	0	0	0	0	0	0	0	0	11
0.0085	0	0	0	0	0	0	0	0	0	0	0	100	43.6	54.64	53.38	50.87	41.17	36.14	38.48	36.9	37.92	27.63	38.73	38.94	33.31	31.61	29.34	19.22	19.37	16.84	13.57	10.41	7.623	5.904	2.805	2.288	-2.523	-1.752	-1.702	-1.437	-0.8411	-0.4222	-0.1475	-0.06793	-0.06793	12
0.012339	0	0	0	0	0	0	0	0	0	0	0	43.6	100	67.1	60.02	56.28	53.42	47.61	34.16	31.62	32.28	40.69	32.35	32.97	43.91	41.5	39.28	19.34	20.37	17.84	13.96	10.43	7.596	5.654	2.583	4.517	1.648	2.047	2.131	1.767	1.261	0.96	0.4022	0.09235	0.09235	13
0.018111	0	0	0	0	0	0	0	0	0	0	0	54.64	67.1	100	79.94	72.14	63.6	55.06	49.38	46.75	47.87	43.91	48.01	48.42	49.68	46.2	42.62	26.05	26.71	23.5	18.99	14.77	11.18	9.126	4.114	3.511	-1.573	-0.8076	-0.4663	-0.3491	-0.1662	0.006018	-0.02876	-0.09414	-0.09414	14
0.039019	0	0	0	0	0	0	0	0	0	0	0	53.38	60.02	79.94	100	78.34	60.43	55.63	50.61	48.03	49.17	44.15	49.04	49.49	50	45.98	41.91	26.7	27.16	23.99	19.82	15.91	12.49	10.73	5.006	3.338	-1.756	-1.105	-0.5994	-0.2639	0.01952	0.2181	0.2315	0.1819	0.1819	15
0.057273	0	0	0	0	0	0	0	0	0	0	0	50.87	56.28	72.14	78.34	100	54.76	52.43	47.78	45.4	46.46	41.02	46.2	46.53	46.32	42.51	38.59	24.85	25.24	22.38	18.59	14.98	11.79	10.1	4.707	3.173	-1.617	-0.921	-0.4247	-0.07334	0.202	0.3787	0.3661	0.3028	0.3028	16
0.084065	0	0	0	0	0	0	0	0	0	0	0	41.17	53.42	63.6	60.43	54.76	100	47.24	37.57	35.15	35.77	41.62	34.66	35.14	43.66	39.82	35.94	19.55	19.98	18.16	15.75	13.09	10.55	8.627	3.923	4.368	1.431	2.66	3.126	2.966	2.204	1.691	0.884	0.4334	0.4334	17
0.11295	0	0	0	0	0	0	0	0	0	0	0	36.14	47.61	55.06	55.63	52.43	47.24	100	38.1	35.99	36.72	45.8	35.01	35.71	47.09	43.16	39.14	18.7	19.2	17.95	16.57	14.49	12.1	10.71	4.837	3.862	2.351	3.097	3.739	3.622	2.639	2.009	1.08	0.5678	0.5678	18
0.14219	0	0	0	0	0	0	0	0	0	0	0	38.48	34.16	49.38	50.61	47.78	37.57	38.1	100	40.02	47.62	31.14	46.66	47.02	35.65	33.4	29.98	18.82	18.97	17.74	16.92	15.23	12.92	12.47	6.551	0.8632	-3.175	-2.818	-2.535	-2.045	-1.559	-1.2	-0.7857	-0.6348	-0.6348	19
0.17901	0	0	0	0	0	0	0	0	0	0	0	36.9	31.62	46.75	48.03	45.4	35.15	35.99	40.02	100	47.84	29.91	47.17	47.58	34.35	32.43	29.23	17.82	18.11	17.22	16.72	15.19	12.94	12.72	6.839	0.5134	-3.391	-3.167	-3.011	-2.632	-2.178	-1.813	-1.308	-1.096	-1.096	20
0.22536	0	0	0	0	0	0	0	0	0	0	0	37.92	32.28	47.87	49.17	46.46	35.77	36.72	47.62	47.84	100	30.89	49.23	49.7	35.63	33.78	30.63	18.29	18.66	17.82	17.24	15.54	13.11	12.85	6.915	0.2726	-3.714	-3.439	-3.324	-2.981	-2.512	-2.12	-1.551	-1.298	-1.298	21
0.28371	0	0	0	0	0	0	0	0	0	0	0	27.63	40.69	43.91	44.15	41.02	41.62	45.8	31.14	29.91	30.89	100	24.32	30.87	48.24	46.29	44.49	14.4	15.88	15.38	14.54	12.97	11.06	11.02	5.299	3.178	3.7	1.839	2.392	2.572	2.1	1.787	1.302	1.045	1.045	22
0.35717	0	0	0	0	0	0	0	0	0	0	0	38.73	32.35	48.01	49.04	46.2	34.66	35.01	46.66	47.17	49.23	24.32	100	45.67	35.97	34.09	31.39	19.07	19.34	18.23	17.12	15.01	12.3	11.71	6.217	-0.2295	-4.817	-4.344	-4.283	-3.841	-3.081	-2.471	-1.669	-1.297	-1.297	23
0.44965	0	0	0	0	0	0	0	0	0	0	0	38.94	32.97	48.42	49.49	46.53	35.14	35.71	47.02	47.58	49.7	30.87	45.67	100	33.71	36.35	33.42	19.75	19.96	18.85	18.1	16.21	13.55	13.05	7.119	0.06887	-4.949	-4.814	-4.769	-4.153	-3.186	-2.452	-1.513	-1.088	-1.088	24
0.56607	0	0	0	0	0	0	0	0	0	0	0	33.31	43.91	49.68	50	46.32	43.66	47.09	35.65	34.35	35.63	48.24	35.97	33.71	100	47.49	50.11	18.52	19.75	18.34	16.91	14.97	12.72	12.58	6.204	2.513	0.2586	-2.121	-1.49	-0.4497	0.4899	1.102	1.567	1.743	1.743	25
0.71264	0	0	0	0	0	0	0	0	0	0	0	31.61	41.5	46.2	45.98	42.51	39.82	43.16	33.4	32.43	33.78	46.29	34.09	36.35	47.49	100	51.23	17.81	19.84	17.84	15.06	12.44	10.11	10.12	4.783	0.1476	-3.275	-6.873	-6.323	-4.867	-2.733	-1.232	0.2651	0.9883	0.9883	26
0.89716	0	0	0	0	0	0	0	0	0	0	0	29.34	39.28	42.62	41.91	38.59	35.94	39.14	29.98	29.23	30.63	44.49	31.39	33.42	50.11	51.23	100	13.21	18.88	16.61	12.11	8.739	6.471	6.571	3.109	-1.986	-6.528	-12.08	-12.07	-10.6	-7.354	-4.92	-2.205	-0.7881	-0.7881	27
1.1295	0	0	0	0	0	0	0	0	0	0	0	19.22	19.34	26.05	26.7	24.85	19.55	18.7	18.82	17.82	18.29	14.4	19.07	19.75	18.52	17.81	13.21	100	51.58	43.27	31.19	19.1	10.25	9.616	-3.618	-9.279	0.3492	13	17.59	15.58	9.138	5.922	1.351	-1.185	-1.185	28
1.4219	0	0	0	0	0	0	0	0	0	0	0	19.37	20.37	26.71	27.16	25.24	19.98	19.2	18.97	18.11	18.66	15.88	19.34	19.96	19.75	19.84	18.88	51.58	100	53.17	45.21	34.04	25.49	23.5	10.35	4.308	5.737	9.524	10.7	8.765	4.59	2.339	-0.1767	-1.443	-1.443	29
1.7901	0	0	0	0	0	0	0	0	0	0	0	16.84	17.84	23.5	23.99	22.38	18.16	17.95	17.74	17.22	17.82	15.38	18.23	18.85	18.34	17.84	16.61	43.27	53.17	100	55.83	51.07	43.9	40.26	27.14	21.46	14.83	10.72	8.834	7.636	5.332	3.29	1.913	1.34	1.34	30
2.2536	0	0	0	0	0	0	0	0	0	0	0	13.57	13.96	18.99	19.82	18.59	15.75	16.57	16.92	16.72	17.24	14.54	17.12	18.1	16.91	15.06	12.11	31.19	45.21	55.83	100	72.72	69.64	64.87	52.57	46.25	27.66	13.57	8.855	11.1	12.92	11.57	11.68	11.8	11.8	31
2.8371	0	0	0	0	0	0	0	0	0	0	0	10.41	10.43	14.77	15.91	14.98	13.09	14.49	15.23	15.19	15.54	12.97	15.01	16.21	14.97	12.44	8.739	19.1	34.04	51.07	72.72	100	84.32	79.81	71.07	64.67	36.66	14.43	7.823	13.91	20.29	20.11	21.86	22.64	22.64	32
3.5717	0	0	0	0	0	0	0	0	0	0	0	7.623	7.596	11.18	12.49	11.79	10.55	12.1	12.92	12.94	13.11	11.06	12.3	13.55	12.72	10.11	6.471	10.25	25.49	43.9	69.64	84.32	100	85.33	78.99	73.05	39.12	12.89	5.951	14.82	24.54	25.55	28.5	29.88	29.88	33
4.4965	0	0	0	0	0	0	0	0	0	0	0	5.904	5.654	9.126	10.73	10.1	8.627	10.71	12.47	12.72	12.85	11.02	11.71	13.05	12.58	10.12	6.571	9.616	23.5	40.26	64.87	79.81	85.33	100	72.56	65.82	33.61	8.116	2.144	11.17	21.28	23.09	26.71	28.33	28.33	34
5.6607	0	0	0	0	0	0	0	0	0	0	0	2.805	2.583	4.114	5.006	4.707	3.923	4.837	6.551	6.839	6.915	5.299	6.217	7.119	6.204	4.783	3.109	-3.618	10.35	27.14	52.57	71.07	78.99	72.56	100	93.23	55.81	21.18	11.48	25.67	40.84	41.71	46.01	47.97	47.97	35
7.1264	0	0	0	0	0	0	0	0	0	0	0	2.288	4.517	3.511	3.338	3.173	4.368	3.862	0.8632	0.5134	0.2726	3.178	-0.2295	0.06887	2.513	0.1476	-1.986	-9.279	4.308	21.46	46.25	64.67	73.05	65.82	93.23	100	68.55	36.22	26.48	39.47	51.45	49.69	50.99	51.43	51.43	36
8.9716	0	0	0	0	0	0	0	0	0	0	0	-2.523	1.648	-1.573	-1.756	-1.617	1.431	2.351	-3.175	-3.391	-3.714	3.7	-4.817	-4.949	0.2586	-3.275	-6.528	0.3492	5.737	14.83	27.66	36.66	39.12	33.61	55.81	68.55	100	76.62	70.19	70.79	62.76	51.6	41.08	35.36	35.36	37
11.295	0	0	0	0	0	0	0	0	0	0	0	-1.752	2.047	-0.8076	-1.105	-0.921	2.66	3.097	-2.818	-3.167	-3.439	1.839	-4.344	-4.814	-2.121	-6.873	-12.08	13	9.524	10.72	13.57	14.43	12.89	8.116	21.18	36.22	76.62	100	89.02	82.39	62.47	46.34	29.22	20.2	20.2	38
14.219	0	0	0	0	0	0	0	0	0	0	0	-1.702	2.131	-0.4663	-0.5994	-0.4247	3.126	3.739	-2.535	-3.011	-3.324	2.392	-4.283	-4.769	-1.49	-6.323	-12.07	17.59	10.7	8.834	8.855	7.823	5.951	2.144	11.48	26.48	70.19	89.02	100	86.07	67.16	51.99	34.57	25.18	25.18	39
17.901	0	0	0	0	0	0	0	0	0	0	0	-1.437	1.767	-0.3491	-0.2639	-0.07334	2.966	3.622	-2.045	-2.632	-2.981	2.572	-3.841	-4.153	-0.4497	-4.867	-10.6	15.58	8.765	7.636	11.1	13.91	14.82	11.17	25.67	39.47	70.79	82.39	86.07	100	86.94	77.07	63.75	55.8	55.8	40
22.536	0	0	0	0	0	0	0	0	0	0	0	-0.8411	1.261	-0.1662	0.01952	0.202	2.204	2.639	-1.559	-2.178	-2.512	2.1	-3.081	-3.186	0.4899	-2.733	-7.354	9.138	4.59	5.332	12.92	20.29	24.54	21.28	40.84	51.45	62.76	62.47	67.16	86.94	100	94.9	88.75	83.93	83.93	41
28.371	0	0	0	0	0	0	0	0	0	0	0	-0.4222	0.96	0.006018	0.2181	0.3787	1.691	2.009	-1.2	-1.813	-2.12	1.787	-2.471	-2.452	1.102	-1.232	-4.92	5.922	2.339	3.29	11.57	20.11	25.55	23.09	41.71	49.69	51.6	46.34	51.99	77.07	94.9	100	96.81	93.92	93.92	42
35.717	0	0	0	0	0	0	0	0	0	0	0	-0.1475	0.4022	-0.02876	0.2315	0.3661	0.884	1.08	-0.7857	-1.308	-1.551	1.302	-1.669	-1.513	1.567	0.2651	-2.205	1.351	-0.1767	1.913	11.68	21.86	28.5	26.71	46.01	50.99	41.08	29.22	34.57	63.75	88.75	96.81	100	99.1	99.1	43
44.965	0	0	0	0	0	0	0	0	0	0	0	-0.06793	0.09235	-0.09414	0.1819	0.3028	0.4334	0.5678	-0.6348	-1.096	-1.298	1.045	-1.297	-1.088	1.743	0.9883	-0.7881	-1.185	-1.443	1.34	11.8	22.64	29.88	28.33	47.97	51.43	35.36	20.2	25.18	55.8	83.93	93.92	99.1	100	99.1	44
60	0	0	0	0	0	0	0	0	0	0	0	-0.06793	0.09235	-0.09414	0.1819	0.3028	0.4334	0.5678	-0.6348	-1.096	-1.298	1.045	-1.297	-1.088	1.743	0.9883	-0.7881	-1.185	-1.443	1.34	11.8	22.64	29.88	28.33	47.97	51.43	35.36	20.2	25.18	55.8	83.93	93.92	99.1	99.1	100	45
i 	1	2	3	4	5	6	7	8	9	10	11	12	13	14	15	16	17	18	19	20	21	22	23	24	25	26	27	28	29	30	31	32	33	34	35	36	37	38	39	40	41	42	43	44	45	
