#ZVView-data-copy: 18-Nov-2018 22:48:53																																																						
																																																																																																				
#																																																						
#MT102:LB5:Symmetric Matrix																																																						
Z(53x53): Zi,j = Cor(σXi,σYj)*100																																																						
	X (MeV)																																																					
Y(MeV)	2.00E-08	1.00E-07	5.50E-07	4.39E-06	1.39E-05	4.39E-05	7.81E-05	0.0001389	0.000247	0.0004393	0.0007812	0.001234	0.001811	0.002658	0.003902	0.0045	0.00572726	0.00840646	0.012339	0.0181112	0.0265836	0.0390194	0.0572726	0.0840646	0.125	0.14219	0.17901	0.22536	0.28371	0.35717	0.44965	0.56607	0.71264	0.89716	1.1295	1.4219	1.7901	2.2536	2.8371	3.5717	4.4965	5.6607	7.1264	8.9716	11.295	14.219	17.901	22.536	28.371	35.717	44.965	56.607	60	j
2.00E-08	100	62.48	74.2	71.65	69.99	65.71	61.95	63.1	64.69	64.27	69.15	61.95	65.08	70.47	61.94	70.54	75.66	71.2	65.36	71.36	75.2	71.99	76.01	75.8	0	0	0	0	0	0	0	0	0	0	0	0	0	0	0	0	0	0	0	0	0	0	0	0	0	0	0	0	0	1
1.00E-07	62.48	100	66.32	57.67	56.36	52.93	49.91	50.85	52.24	51.78	55.72	49.91	52.48	56.79	49.91	56.84	60.96	57.37	52.66	57.5	60.59	58	61.23	61.07	0	0	0	0	0	0	0	0	0	0	0	0	0	0	0	0	0	0	0	0	0	0	0	0	0	0	0	0	0	2
5.50E-07	74.2	66.32	100	83.56	67.2	63.12	59.53	60.65	62.41	61.77	66.45	59.53	62.64	67.75	59.53	67.79	72.71	68.42	62.81	68.58	72.27	69.18	73.03	72.84	0	0	0	0	0	0	0	0	0	0	0	0	0	0	0	0	0	0	0	0	0	0	0	0	0	0	0	0	0	3
4.39E-06	71.65	57.67	83.56	100	76.03	61.12	57.65	58.74	60.51	59.82	64.35	57.65	60.68	65.61	57.65	65.65	70.41	66.26	60.83	66.41	69.99	66.99	70.71	70.54	0	0	0	0	0	0	0	0	0	0	0	0	0	0	0	0	0	0	0	0	0	0	0	0	0	0	0	0	0	4
1.39E-05	69.99	56.36	67.2	76.03	100	95.81	56.4	57.47	59.23	58.52	62.96	56.4	59.38	64.19	56.4	64.23	68.89	64.82	59.51	64.97	68.47	65.54	69.18	69.01	0	0	0	0	0	0	0	0	0	0	0	0	0	0	0	0	0	0	0	0	0	0	0	0	0	0	0	0	0	5
4.39E-05	65.71	52.93	63.12	61.12	95.81	100	59.67	54.26	55.68	54.99	59.16	52.99	55.8	60.32	52.99	60.35	64.73	60.91	55.92	61.05	64.34	61.58	65	64.84	0	0	0	0	0	0	0	0	0	0	0	0	0	0	0	0	0	0	0	0	0	0	0	0	0	0	0	0	0	6
7.81E-05	61.95	49.91	59.53	57.65	56.4	59.67	100	52.9	52.55	51.88	55.81	50	52.65	56.91	49.99	56.94	61.07	57.46	52.76	57.6	60.7	58.1	61.32	61.18	0	0	0	0	0	0	0	0	0	0	0	0	0	0	0	0	0	0	0	0	0	0	0	0	0	0	0	0	0	7
0.0001389	63.1	50.85	60.65	58.74	57.47	54.26	52.9	100	59.11	52.86	56.86	50.94	53.65	57.99	50.94	58.02	62.22	58.55	53.76	58.69	61.85	59.2	62.48	62.33	0	0	0	0	0	0	0	0	0	0	0	0	0	0	0	0	0	0	0	0	0	0	0	0	0	0	0	0	0	8
0.000247	64.69	52.24	62.41	60.51	59.23	55.68	52.55	59.11	100	99.39	58.64	52.53	55.29	59.79	52.52	59.82	64.16	60.38	55.43	60.52	63.78	61.04	64.43	64.28	0	0	0	0	0	0	0	0	0	0	0	0	0	0	0	0	0	0	0	0	0	0	0	0	0	0	0	0	0	9
0.0004393	64.27	51.78	61.77	59.82	58.52	54.99	51.88	52.86	99.39	100	61.15	51.87	54.63	59.05	51.87	59.08	63.36	59.62	54.74	59.76	62.98	60.28	63.63	63.47	0	0	0	0	0	0	0	0	0	0	0	0	0	0	0	0	0	0	0	0	0	0	0	0	0	0	0	0	0	10
0.0007812	69.15	55.72	66.45	64.35	62.96	59.16	55.81	56.86	58.64	61.15	100	71.01	60.66	63.52	55.8	63.56	68.16	64.14	58.89	64.29	67.75	64.85	68.45	68.28	0	0	0	0	0	0	0	0	0	0	0	0	0	0	0	0	0	0	0	0	0	0	0	0	0	0	0	0	0	11
0.001234	61.95	49.91	59.53	57.65	56.4	52.99	50	50.94	52.53	51.87	71.01	100	58.94	56.91	49.99	56.94	61.06	57.46	52.75	57.59	60.7	58.09	61.32	61.17	0	0	0	0	0	0	0	0	0	0	0	0	0	0	0	0	0	0	0	0	0	0	0	0	0	0	0	0	0	12
0.001811	65.08	52.48	62.64	60.68	59.38	55.8	52.65	53.65	55.29	54.63	60.66	58.94	100	94.25	52.67	59.98	64.3	60.53	55.56	60.66	63.92	61.18	64.57	64.42	0	0	0	0	0	0	0	0	0	0	0	0	0	0	0	0	0	0	0	0	0	0	0	0	0	0	0	0	0	13
0.002658	70.47	56.79	67.75	65.61	64.19	60.32	56.91	57.99	59.79	59.05	63.52	56.91	94.25	100	76.98	73.47	69.51	65.41	60.05	65.56	69.09	66.13	69.8	69.63	0	0	0	0	0	0	0	0	0	0	0	0	0	0	0	0	0	0	0	0	0	0	0	0	0	0	0	0	0	14
0.003902	61.94	49.91	59.53	57.65	56.4	52.99	49.99	50.94	52.52	51.87	55.8	49.99	52.67	76.98	100	78.51	61.06	57.46	52.75	57.59	60.69	58.09	61.32	61.17	0	0	0	0	0	0	0	0	0	0	0	0	0	0	0	0	0	0	0	0	0	0	0	0	0	0	0	0	0	15
0.0045	70.54	56.84	67.79	65.65	64.23	60.35	56.94	58.02	59.82	59.08	63.56	56.94	59.98	73.47	78.51	100	82.3	65.44	60.08	65.59	69.12	66.16	69.83	69.67	0	0	0	0	0	0	0	0	0	0	0	0	0	0	0	0	0	0	0	0	0	0	0	0	0	0	0	0	0	16
0.00572726	75.66	60.96	72.71	70.41	68.89	64.73	61.07	62.22	64.16	63.36	68.16	61.06	64.3	69.51	61.06	82.3	100	73.97	64.43	70.35	74.13	70.95	74.9	74.72	0	0	0	0	0	0	0	0	0	0	0	0	0	0	0	0	0	0	0	0	0	0	0	0	0	0	0	0	0	17
0.00840646	71.2	57.37	68.42	66.26	64.82	60.91	57.46	58.55	60.38	59.62	64.14	57.46	60.53	65.41	57.46	65.44	73.97	100	70.49	66.2	69.76	66.77	70.48	70.31	0	0	0	0	0	0	0	0	0	0	0	0	0	0	0	0	0	0	0	0	0	0	0	0	0	0	0	0	0	18
0.012339	65.36	52.66	62.81	60.83	59.51	55.92	52.76	53.76	55.43	54.74	58.89	52.75	55.56	60.05	52.75	60.08	64.43	70.49	100	64.63	64.05	61.3	64.7	64.55	0	0	0	0	0	0	0	0	0	0	0	0	0	0	0	0	0	0	0	0	0	0	0	0	0	0	0	0	0	19
0.0181112	71.36	57.5	68.58	66.41	64.97	61.05	57.6	58.69	60.52	59.76	64.29	57.59	60.66	65.56	57.59	65.59	70.35	66.2	64.63	100	72.72	66.93	70.64	70.47	0	0	0	0	0	0	0	0	0	0	0	0	0	0	0	0	0	0	0	0	0	0	0	0	0	0	0	0	0	20
0.0265836	75.2	60.59	72.27	69.99	68.47	64.34	60.7	61.85	63.78	62.98	67.75	60.7	63.92	69.09	60.69	69.12	74.13	69.76	64.05	72.72	100	74.16	74.44	74.27	0	0	0	0	0	0	0	0	0	0	0	0	0	0	0	0	0	0	0	0	0	0	0	0	0	0	0	0	0	21
0.0390194	71.99	58	69.18	66.99	65.54	61.58	58.1	59.2	61.04	60.28	64.85	58.09	61.18	66.13	58.09	66.16	70.95	66.77	61.3	66.93	74.16	100	72.04	71.08	0	0	0	0	0	0	0	0	0	0	0	0	0	0	0	0	0	0	0	0	0	0	0	0	0	0	0	0	0	22
0.0572726	76.01	61.23	73.03	70.71	69.18	65	61.32	62.48	64.43	63.63	68.45	61.32	64.57	69.8	61.32	69.83	74.9	70.48	64.7	70.64	74.44	72.04	100	75.78	0	0	0	0	0	0	0	0	0	0	0	0	0	0	0	0	0	0	0	0	0	0	0	0	0	0	0	0	0	23
0.0840646	75.8	61.07	72.84	70.54	69.01	64.84	61.18	62.33	64.28	63.47	68.28	61.17	64.42	69.63	61.17	69.67	74.72	70.31	64.55	70.47	74.27	71.08	75.78	100	0	0	0	0	0	0	0	0	0	0	0	0	0	0	0	0	0	0	0	0	0	0	0	0	0	0	0	0	0	24
0.125	0	0	0	0	0	0	0	0	0	0	0	0	0	0	0	0	0	0	0	0	0	0	0	0	100	98.29	98.29	98.22	98.12	98.04	97.93	97.82	97.61	97.56	96.83	95.53	94.52	93.1	91.65	88.94	82.25	65.46	56.87	54.47	54.66	55.4	58.34	58.63	43.98	42.92	39.5	36.48	36.48	25
0.14219	0	0	0	0	0	0	0	0	0	0	0	0	0	0	0	0	0	0	0	0	0	0	0	0	98.29	100	98.4	98.39	98.34	98.31	98.23	98.16	98	97.88	97.34	96.25	95.39	94.17	92.88	90.27	83.48	66.42	57.7	55.21	55.35	56.04	58.8	58.88	44.49	43.4	39.88	36.88	36.88	26
0.17901	0	0	0	0	0	0	0	0	0	0	0	0	0	0	0	0	0	0	0	0	0	0	0	0	98.29	98.4	100	98.48	98.45	98.42	98.37	98.31	98.17	98.03	97.55	96.53	95.72	94.55	93.29	90.74	83.96	66.82	58.07	55.55	55.67	56.34	59.04	59.06	44.75	43.65	40.08	37.06	37.06	27
0.22536	0	0	0	0	0	0	0	0	0	0	0	0	0	0	0	0	0	0	0	0	0	0	0	0	98.22	98.39	98.48	100	98.51	98.5	98.47	98.43	98.31	98.14	97.74	96.78	96.03	94.94	93.75	91.23	84.44	67.22	58.44	55.88	55.99	56.65	59.28	59.2	45	43.87	40.25	37.25	37.25	28
0.28371	0	0	0	0	0	0	0	0	0	0	0	0	0	0	0	0	0	0	0	0	0	0	0	0	98.12	98.34	98.45	98.51	100	98.54	98.52	98.49	98.38	98.21	97.86	96.97	96.28	95.27	94.14	91.64	84.83	67.53	58.71	56.13	56.23	56.87	59.43	59.28	45.17	44.04	40.39	37.39	37.39	29
0.35717	0	0	0	0	0	0	0	0	0	0	0	0	0	0	0	0	0	0	0	0	0	0	0	0	98.04	98.31	98.42	98.5	98.54	100	98.57	98.56	98.47	98.31	98.01	97.18	96.54	95.59	94.51	92.06	85.24	67.85	58.99	56.39	56.46	57.09	59.59	59.37	45.37	44.23	40.57	37.59	37.59	30
0.44965	0	0	0	0	0	0	0	0	0	0	0	0	0	0	0	0	0	0	0	0	0	0	0	0	97.93	98.23	98.37	98.47	98.52	98.57	100	98.6	98.54	98.4	98.17	97.42	96.82	95.92	94.88	92.51	85.7	68.24	59.35	56.71	56.77	57.4	59.82	59.5	45.62	44.47	40.78	37.81	37.81	31
0.56607	0	0	0	0	0	0	0	0	0	0	0	0	0	0	0	0	0	0	0	0	0	0	0	0	97.82	98.16	98.31	98.43	98.49	98.56	98.6	100	98.62	98.5	98.36	97.69	97.14	96.26	95.26	92.99	86.22	68.67	59.74	57.07	57.12	57.73	60.07	59.67	45.94	44.79	41.06	38.11	38.11	32
0.71264	0	0	0	0	0	0	0	0	0	0	0	0	0	0	0	0	0	0	0	0	0	0	0	0	97.61	98	98.17	98.31	98.38	98.47	98.54	98.62	100	98.56	98.52	97.95	97.45	96.6	95.63	93.49	86.77	69.13	60.16	57.45	57.47	58.05	60.29	59.76	46.21	45.04	41.3	38.37	38.37	33
0.89716	0	0	0	0	0	0	0	0	0	0	0	0	0	0	0	0	0	0	0	0	0	0	0	0	97.56	97.88	98.03	98.14	98.21	98.31	98.4	98.5	98.56	100	98.73	98.21	97.73	96.85	95.86	93.74	87.14	69.58	60.62	57.91	57.94	58.56	60.81	60.34	46.84	45.72	42.06	39.24	39.24	34
1.1295	0	0	0	0	0	0	0	0	0	0	0	0	0	0	0	0	0	0	0	0	0	0	0	0	96.83	97.34	97.55	97.74	97.86	98.01	98.17	98.36	98.52	98.73	100	98.79	98.52	97.84	97.02	95.21	88.7	70.94	61.88	59.05	59	59.54	61.46	60.63	47.67	46.49	42.7	39.89	39.89	35
1.4219	0	0	0	0	0	0	0	0	0	0	0	0	0	0	0	0	0	0	0	0	0	0	0	0	95.53	96.25	96.53	96.78	96.97	97.18	97.42	97.69	97.95	98.21	98.79	100	99.14	98.71	98.09	96.48	89.97	72	62.83	59.89	59.76	60.23	61.87	60.76	48.29	47.09	43.25	40.53	40.53	36
1.7901	0	0	0	0	0	0	0	0	0	0	0	0	0	0	0	0	0	0	0	0	0	0	0	0	94.52	95.39	95.72	96.03	96.28	96.54	96.82	97.14	97.45	97.73	98.52	99.14	100	99.17	98.75	97.28	90.74	72.61	63.39	60.37	60.17	60.6	62.02	60.72	48.71	47.51	43.65	41	41	37
2.2536	0	0	0	0	0	0	0	0	0	0	0	0	0	0	0	0	0	0	0	0	0	0	0	0	93.1	94.17	94.55	94.94	95.27	95.59	95.92	96.26	96.6	96.85	97.84	98.71	99.17	100	99.43	97.99	91.28	72.96	63.68	60.57	60.29	60.68	61.88	60.4	48.91	47.74	43.91	41.38	41.38	38
2.8371	0	0	0	0	0	0	0	0	0	0	0	0	0	0	0	0	0	0	0	0	0	0	0	0	91.65	92.88	93.29	93.75	94.14	94.51	94.88	95.26	95.63	95.86	97.02	98.09	98.75	99.43	100	98.26	90.98	72.17	62.76	59.57	59.24	59.61	60.64	59.09	48.18	47.09	43.41	41.09	41.09	39
3.5717	0	0	0	0	0	0	0	0	0	0	0	0	0	0	0	0	0	0	0	0	0	0	0	0	88.94	90.27	90.74	91.23	91.64	92.06	92.51	92.99	93.49	93.74	95.21	96.48	97.28	97.99	98.26	100	92.51	72.44	62.9	59.67	59.37	59.93	60.86	60.06	51.11	49.99	46.27	43.49	43.49	40
4.4965	0	0	0	0	0	0	0	0	0	0	0	0	0	0	0	0	0	0	0	0	0	0	0	0	82.25	83.48	83.96	84.44	84.83	85.24	85.7	86.22	86.77	87.14	88.7	89.97	90.74	91.28	90.98	92.51	100	91.75	85.71	83.59	83.27	83.34	83.23	80.42	71.26	68.92	62.3	57.04	57.04	41
5.6607	0	0	0	0	0	0	0	0	0	0	0	0	0	0	0	0	0	0	0	0	0	0	0	0	65.46	66.42	66.82	67.22	67.53	67.85	68.24	68.67	69.13	69.58	70.94	72	72.61	72.96	72.17	72.44	91.75	100	99.06	98.37	97.97	97.27	95.94	90.78	81.63	78.38	69.82	63.12	63.12	42
7.1264	0	0	0	0	0	0	0	0	0	0	0	0	0	0	0	0	0	0	0	0	0	0	0	0	56.87	57.7	58.07	58.44	58.71	58.99	59.35	59.74	60.16	60.62	61.88	62.83	63.39	63.68	62.76	62.9	85.71	99.06	100	99.85	99.52	98.72	97.11	91.67	83.32	79.93	71.03	63.92	63.92	43
8.9716	0	0	0	0	0	0	0	0	0	0	0	0	0	0	0	0	0	0	0	0	0	0	0	0	54.47	55.21	55.55	55.88	56.13	56.39	56.71	57.07	57.45	57.91	59.05	59.89	60.37	60.57	59.57	59.67	83.59	98.37	99.85	100	99.8	99.11	97.61	92.35	84.25	80.81	71.76	64.27	64.27	44
11.295	0	0	0	0	0	0	0	0	0	0	0	0	0	0	0	0	0	0	0	0	0	0	0	0	54.66	55.35	55.67	55.99	56.23	56.46	56.77	57.12	57.47	57.94	59	59.76	60.17	60.29	59.24	59.37	83.27	97.97	99.52	99.8	100	99.67	98.54	93.85	86.11	82.72	73.49	65.51	65.51	45
14.219	0	0	0	0	0	0	0	0	0	0	0	0	0	0	0	0	0	0	0	0	0	0	0	0	55.4	56.04	56.34	56.65	56.87	57.09	57.4	57.73	58.05	58.56	59.54	60.23	60.6	60.68	59.61	59.93	83.34	97.27	98.72	99.11	99.67	100	99.4	95.78	88.86	85.75	76.74	68.52	68.52	46
17.901	0	0	0	0	0	0	0	0	0	0	0	0	0	0	0	0	0	0	0	0	0	0	0	0	58.34	58.8	59.04	59.28	59.43	59.59	59.82	60.07	60.29	60.81	61.46	61.87	62.02	61.88	60.64	60.86	83.23	95.94	97.11	97.61	98.54	99.4	100	97.75	90.93	88.24	79.51	71.07	71.07	47
22.536	0	0	0	0	0	0	0	0	0	0	0	0	0	0	0	0	0	0	0	0	0	0	0	0	58.63	58.88	59.06	59.2	59.28	59.37	59.5	59.67	59.76	60.34	60.63	60.76	60.72	60.4	59.09	60.06	80.42	90.78	91.67	92.35	93.85	95.78	97.75	100	96.04	94.24	87.25	78.31	78.31	48
28.371	0	0	0	0	0	0	0	0	0	0	0	0	0	0	0	0	0	0	0	0	0	0	0	0	43.98	44.49	44.75	45	45.17	45.37	45.62	45.94	46.21	46.84	47.67	48.29	48.71	48.91	48.18	51.11	71.26	81.63	83.32	84.25	86.11	88.86	90.93	96.04	100	99.29	94.8	86.06	86.06	49
35.717	0	0	0	0	0	0	0	0	0	0	0	0	0	0	0	0	0	0	0	0	0	0	0	0	42.92	43.4	43.65	43.87	44.04	44.23	44.47	44.79	45.04	45.72	46.49	47.09	47.51	47.74	47.09	49.99	68.92	78.38	79.93	80.81	82.72	85.75	88.24	94.24	99.29	100	97.19	90.1	90.1	50
44.965	0	0	0	0	0	0	0	0	0	0	0	0	0	0	0	0	0	0	0	0	0	0	0	0	39.5	39.88	40.08	40.25	40.39	40.57	40.78	41.06	41.3	42.06	42.7	43.25	43.65	43.91	43.41	46.27	62.3	69.82	71.03	71.76	73.49	76.74	79.51	87.25	94.8	97.19	100	96.6	96.6	51
56.607	0	0	0	0	0	0	0	0	0	0	0	0	0	0	0	0	0	0	0	0	0	0	0	0	36.48	36.88	37.06	37.25	37.39	37.59	37.81	38.11	38.37	39.24	39.89	40.53	41	41.38	41.09	43.49	57.04	63.12	63.92	64.27	65.51	68.52	71.07	78.31	86.06	90.1	96.6	100	96.6	52
60	0	0	0	0	0	0	0	0	0	0	0	0	0	0	0	0	0	0	0	0	0	0	0	0	36.48	36.88	37.06	37.25	37.39	37.59	37.81	38.11	38.37	39.24	39.89	40.53	41	41.38	41.09	43.49	57.04	63.12	63.92	64.27	65.51	68.52	71.07	78.31	86.06	90.1	96.6	96.6	100	53
i 	1	2	3	4	5	6	7	8	9	10	11	12	13	14	15	16	17	18	19	20	21	22	23	24	25	26	27	28	29	30	31	32	33	34	35	36	37	38	39	40	41	42	43	44	45	46	47	48	49	50	51	52	53	
