16
        0         1         3         4         5         6         8         9        10        11        12        13        14        15        16        17
304
1.0000000 0.0000000 0.0000000 0.0000000 0.0000000 0.0000000 0.0000000 0.0000000 0.0000000 0.0000000 0.0000000 0.0000000 0.0000000 0.0000000 0.0000000 0.0000000
0.0000000 1.0000000 0.0000000 0.0000000 0.0000000 0.0000000 0.0000000 0.0000000 0.0000000 0.0000000 0.0000000 0.0000000 0.0000000 0.0000000 0.0000000 0.0000000
0.0000000 0.0000000 1.0000000 0.0000000 0.0000000 0.0000000 0.0000000 0.0000000 0.0000000 0.0000000 0.0000000 0.0000000 0.0000000 0.0000000 0.0000000 0.0000000
0.0000000 0.0000000 0.0000000 1.0000000 0.0000000 0.0000000 0.0000000 0.0000000 0.0000000 0.0000000 0.0000000 0.0000000 0.0000000 0.0000000 0.0000000 0.0000000
0.0000000 0.0000000 0.0000000 0.0000000 1.0000000 0.0000000 0.0000000 0.0000000 0.0000000 0.0000000 0.0000000 0.0000000 0.0000000 0.0000000 0.0000000 0.0000000
0.0000000 0.0000000 0.0000000 0.0000000 0.0000000 1.0000000 0.0000000 0.0000000 0.0000000 0.0000000 0.0000000 0.0000000 0.0000000 0.0000000 0.0000000 0.0000000
0.0000000 0.0000000 0.0000000 0.0000000 0.0000000 0.0000000 1.0000000 0.0000000 0.0000000 0.0000000 0.0000000 0.0000000 0.0000000 0.0000000 0.0000000 0.0000000
0.0000000 0.0000000 0.0000000 0.0000000 0.0000000 0.0000000 0.0000000 1.0000000 0.0000000 0.0000000 0.0000000 0.0000000 0.0000000 0.0000000 0.0000000 0.0000000
0.0000000 0.0000000 0.0000000 0.0000000 0.0000000 0.0000000 0.0000000 0.0000000 1.0000000 0.0000000 0.0000000 0.0000000 0.0000000 0.0000000 0.0000000 0.0000000
0.0000000 0.0000000 0.0000000 0.0000000 0.0000000 0.0000000 0.0000000 0.0000000 0.0000000 1.0000000 0.0000000 0.0000000 0.0000000 0.0000000 0.0000000 0.0000000
0.0000000 0.0000000 0.0000000 0.0000000 0.0000000 0.0000000 0.0000000 0.0000000 0.0000000 0.0000000 1.0000000 0.0000000 0.0000000 0.0000000 0.0000000 0.0000000
0.0000000 0.0000000 0.0000000 0.0000000 0.0000000 0.0000000 0.0000000 0.0000000 0.0000000 0.0000000 0.0000000 1.0000000 0.0000000 0.0000000 0.0000000 0.0000000
0.0000000 0.0000000 0.0000000 0.0000000 0.0000000 0.0000000 0.0000000 0.0000000 0.0000000 0.0000000 0.0000000 0.0000000 1.0000000 0.0000000 0.0000000 0.0000000
0.0000000 0.0000000 0.0000000 0.0000000 0.0000000 0.0000000 0.0000000 0.0000000 0.0000000 0.0000000 0.0000000 0.0000000 0.0000000 1.0000000 0.0000000 0.0000000
0.0000000 0.0000000 0.0000000 0.0000000 0.0000000 0.0000000 0.0000000 0.0000000 0.0000000 0.0000000 0.0000000 0.0000000 0.0000000 0.0000000 1.0000000 0.0000000
0.0000000 0.0000000 0.0000000 0.0000000 0.0000000 0.0000000 0.0000000 0.0000000 0.0000000 0.0000000 0.0000000 0.0000000 0.0000000 0.0000000 0.0000000 1.0000000
0.9792741 0.0207259 0.0000000 0.0000000 0.0000000 0.0000000 0.0000000 0.0000000 0.0000000 0.0000000 0.0000000 0.0000000 0.0000000 0.0000000 0.0000000 0.0000000
0.8464441 0.1535559 0.0000000 0.0000000 0.0000000 0.0000000 0.0000000 0.0000000 0.0000000 0.0000000 0.0000000 0.0000000 0.0000000 0.0000000 0.0000000 0.0000000
0.2878585 0.7121415 0.0000000 0.0000000 0.0000000 0.0000000 0.0000000 0.0000000 0.0000000 0.0000000 0.0000000 0.0000000 0.0000000 0.0000000 0.0000000 0.0000000
0.6803566 0.3196434 0.0000000 0.0000000 0.0000000 0.0000000 0.0000000 0.0000000 0.0000000 0.0000000 0.0000000 0.0000000 0.0000000 0.0000000 0.0000000 0.0000000
0.0740930 0.8392429 0.0000000 0.0000000 0.0000000 0.0000000 0.0000000 0.0000000 0.0000000 0.0000000 0.0000000 0.0000000 0.0853148 0.0000000 0.0013492 0.0000000
0.0740930 0.8392429 0.0000000 0.0000000 0.0000000 0.0000000 0.0000000 0.0000000 0.0000000 0.0000000 0.0000000 0.0853148 0.0000000 0.0000000 0.0013492 0.0000000
0.0740930 0.8392429 0.0000000 0.0000000 0.0000000 0.0000000 0.0000000 0.0000000 0.0000000 0.0000000 0.0000000 0.0000000 0.0000000 0.0853148 0.0013492 0.0000000
0.2978474 0.6855992 0.0000000 0.0000000 0.0000000 0.0000000 0.0000000 0.0000000 0.0000000 0.0000000 0.0000000 0.0000000 0.0157721 0.0000000 0.0007813 0.0000000
0.0375038 0.8362711 0.0000000 0.0000000 0.0000000 0.0000000 0.0000000 0.0000000 0.0000000 0.0000000 0.0000000 0.0000000 0.1255309 0.0000000 0.0006942 0.0000000
0.0375038 0.8362711 0.0000000 0.0000000 0.0000000 0.0000000 0.0000000 0.0000000 0.0000000 0.0000000 0.0000000 0.1255309 0.0000000 0.0000000 0.0006942 0.0000000
0.0375038 0.8362711 0.0000000 0.0000000 0.0000000 0.0000000 0.0000000 0.0000000 0.0000000 0.0000000 0.0000000 0.0000000 0.0000000 0.1255309 0.0006942 0.0000000
0.2379063 0.7096998 0.0000000 0.0000000 0.0000000 0.0000000 0.0000000 0.0000000 0.0000000 0.0000000 0.0000000 0.0000000 0.0522175 0.0000000 0.0001765 0.0000000
0.0059600 0.8337931 0.0000000 0.0000000 0.0000000 0.0000000 0.0000000 0.0000000 0.0000000 0.0000000 0.0000000 0.0000000 0.1600963 0.0000000 0.0001506 0.0000000
0.0059600 0.8337931 0.0000000 0.0000000 0.0000000 0.0000000 0.0000000 0.0000000 0.0000000 0.0000000 0.0000000 0.1600963 0.0000000 0.0000000 0.0001506 0.0000000
0.0059600 0.8337931 0.0000000 0.0000000 0.0000000 0.0000000 0.0000000 0.0000000 0.0000000 0.0000000 0.0000000 0.0000000 0.0000000 0.1600963 0.0001506 0.0000000
0.4862205 0.5137795 0.0000000 0.0000000 0.0000000 0.0000000 0.0000000 0.0000000 0.0000000 0.0000000 0.0000000 0.0000000 0.0000000 0.0000000 0.0000000 0.0000000
0.0542009 0.8376139 0.0000000 0.0000000 0.0000000 0.0000000 0.0000000 0.0000000 0.0000000 0.0000000 0.0000000 0.0000000 0.1071954 0.0000000 0.0009897 0.0000000
0.0542009 0.8376139 0.0000000 0.0000000 0.0000000 0.0000000 0.0000000 0.0000000 0.0000000 0.0000000 0.0000000 0.1071954 0.0000000 0.0000000 0.0009897 0.0000000
0.0542009 0.8376139 0.0000000 0.0000000 0.0000000 0.0000000 0.0000000 0.0000000 0.0000000 0.0000000 0.0000000 0.0000000 0.0000000 0.1071954 0.0009897 0.0000000
0.7693234 0.2306766 0.0000000 0.0000000 0.0000000 0.0000000 0.0000000 0.0000000 0.0000000 0.0000000 0.0000000 0.0000000 0.0000000 0.0000000 0.0000000 0.0000000
0.2997089 0.6701998 0.0000000 0.0000000 0.0000000 0.0000000 0.0000000 0.0000000 0.0000000 0.0000000 0.0000000 0.0000000 0.0227452 0.0000000 0.0073462 0.0000000
0.0000000 0.6862243 0.0000000 0.0000000 0.0000000 0.0000000 0.0000000 0.0000000 0.0000000 0.0000000 0.0000000 0.0000000 0.2976328 0.0000000 0.0161430 0.0000000
0.0000000 0.6862243 0.0000000 0.0000000 0.0000000 0.0000000 0.0000000 0.0000000 0.0000000 0.0000000 0.0000000 0.2976328 0.0000000 0.0000000 0.0161430 0.0000000
0.0000000 0.6862243 0.0000000 0.0000000 0.0000000 0.0000000 0.0000000 0.0000000 0.0000000 0.0000000 0.0000000 0.0000000 0.0000000 0.2976328 0.0161430 0.0000000
0.0000000 0.3096098 0.0000000 0.0000000 0.0000000 0.0000000 0.0000000 0.0000000 0.0000000 0.0000000 0.0000000 0.0000000 0.6764533 0.0000000 0.0139369 0.0000000
0.0000000 0.0000000 0.0000000 0.0000000 0.0000000 0.0000000 0.0000000 0.0000000 0.0000000 0.0000000 0.0000000 0.7771231 0.1200000 0.0933333 0.0095436 0.0000000
0.0000000 0.0983333 0.0000000 0.0000000 0.0000000 0.0000000 0.0000000 0.0000000 0.0000000 0.0000000 0.0000000 0.0000000 0.0000000 0.8987898 0.0028769 0.0000000
0.8740990 0.1259010 0.0000000 0.0000000 0.0000000 0.0000000 0.0000000 0.0000000 0.0000000 0.0000000 0.0000000 0.0000000 0.0000000 0.0000000 0.0000000 0.0000000
0.0000000 0.0828478 0.0000000 0.0000000 0.0000000 0.0000000 0.0000000 0.0000000 0.0000000 0.0000000 0.0000000 0.0000000 0.9142858 0.0000000 0.0028664 0.0000000
0.7908829 0.2091171 0.0000000 0.0000000 0.0000000 0.0000000 0.0000000 0.0000000 0.0000000 0.0000000 0.0000000 0.0000000 0.0000000 0.0000000 0.0000000 0.0000000
0.0000000 0.0223270 0.0000000 0.0000000 0.0000000 0.0000000 0.0000000 0.0000000 0.0000000 0.0000000 0.0000000 0.0000000 0.9769216 0.0000000 0.0007513 0.0000000
0.7184220 0.2723131 0.0000000 0.0000000 0.0000000 0.0000000 0.0000000 0.0000000 0.0000000 0.0000000 0.0000000 0.0000000 0.0090759 0.0000000 0.0001890 0.0000000
0.8289612 0.1710388 0.0000000 0.0000000 0.0000000 0.0000000 0.0000000 0.0000000 0.0000000 0.0000000 0.0000000 0.0000000 0.0000000 0.0000000 0.0000000 0.0000000
0.0000000 0.0410920 0.0000000 0.0000000 0.0000000 0.0000000 0.0000000 0.0000000 0.0000000 0.0000000 0.0000000 0.0000000 0.9567646 0.0000000 0.0021434 0.0000000
0.1268298 0.6018670 0.0000000 0.0000000 0.0000000 0.0000000 0.0000000 0.0000000 0.0000000 0.0000000 0.0000000 0.0000000 0.2340906 0.0000000 0.0372127 0.0000000
0.0000000 0.2063895 0.0000000 0.0000000 0.0000000 0.0000000 0.0000000 0.0000000 0.0000000 0.0000000 0.0000000 0.0000000 0.7660374 0.0000000 0.0275731 0.0000000
0.0000000 0.2063895 0.0000000 0.0000000 0.0000000 0.0000000 0.0000000 0.0000000 0.0000000 0.0000000 0.0000000 0.5460374 0.1200000 0.0933333 0.0342398 0.0000000
0.0000000 0.2063895 0.0000000 0.0000000 0.0000000 0.0000000 0.0000000 0.0000000 0.0000000 0.0000000 0.0000000 0.0000000 0.0000000 0.7660374 0.0275731 0.0000000
0.0000000 0.3047228 0.0000000 0.0000000 0.0000000 0.0000000 0.0000000 0.0000000 0.0000000 0.0000000 0.0000000 0.0000000 0.0000000 0.6677040 0.0275731 0.0000000
0.1463054 0.6478638 0.0000000 0.0000000 0.0000000 0.0000000 0.0000000 0.0000000 0.0000000 0.0000000 0.0000000 0.0000000 0.1892112 0.0000000 0.0166196 0.0000000
0.0031339 0.2622606 0.0000000 0.0000000 0.0000000 0.0000000 0.0000000 0.0000000 0.0000000 0.0000000 0.0000000 0.0000000 0.7301461 0.0000000 0.0044594 0.0000000
0.0000000 0.0000000 0.0000000 0.0000000 0.0000000 0.0000000 0.0000000 0.0000000 0.0000000 0.0258952 0.0000000 0.0000000 0.9725628 0.0000000 0.0015420 0.0000000
0.0000000 0.0000000 0.0000000 0.0000000 0.0000000 0.0000000 0.0000000 0.0000000 0.0000000 0.0258952 0.0000000 0.7525628 0.1200000 0.0933333 0.0082086 0.0000000
0.0000000 0.0000000 0.0000000 0.0000000 0.0000000 0.0000000 0.0000000 0.0000000 0.0000000 0.0258952 0.0000000 0.0000000 0.0000000 0.9725628 0.0015420 0.0000000
0.0000000 0.0983333 0.0000000 0.0000000 0.0000000 0.0000000 0.0000000 0.0000000 0.0000000 0.0258952 0.0000000 0.0000000 0.0000000 0.8742295 0.0015420 0.0000000
0.9587457 0.0412543 0.0000000 0.0000000 0.0000000 0.0000000 0.0000000 0.0000000 0.0000000 0.0000000 0.0000000 0.0000000 0.0000000 0.0000000 0.0000000 0.0000000
0.0000000 0.1697284 0.0000000 0.0000000 0.0000000 0.0000000 0.0000000 0.0000000 0.0000000 0.0000000 0.0000000 0.0000000 0.8278912 0.0000000 0.0023804 0.0000000
0.0000000 0.0000000 0.0000000 0.0000000 0.0000000 0.0000000 0.0000000 0.0000000 0.0000000 0.0880681 0.0000000 0.0000000 0.9112056 0.0000000 0.0007263 0.0000000
0.0000000 0.0000000 0.0000000 0.0000000 0.0000000 0.0000000 0.0000000 0.0000000 0.0000000 0.0880681 0.0000000 0.6912056 0.1200000 0.0933333 0.0073930 0.0000000
0.0000000 0.0000000 0.0000000 0.0000000 0.0000000 0.0000000 0.0000000 0.0000000 0.0000000 0.0880681 0.0000000 0.0000000 0.0000000 0.9112056 0.0007263 0.0000000
0.0000000 0.0983333 0.0000000 0.0000000 0.0000000 0.0000000 0.0000000 0.0000000 0.0000000 0.0880681 0.0000000 0.0000000 0.0000000 0.8128722 0.0007263 0.0000000
0.0000000 0.0000000 0.0000000 0.0000000 0.0000000 0.0000000 0.0000000 0.0000000 0.0000000 0.1402438 0.0000000 0.0000000 0.8596604 0.0000000 0.0000958 0.0000000
0.0000000 0.0000000 0.0000000 0.0000000 0.0000000 0.0000000 0.0000000 0.0000000 0.0000000 0.1402438 0.0000000 0.6396604 0.1200000 0.0933333 0.0067625 0.0000000
0.0000000 0.0000000 0.0000000 0.0000000 0.0000000 0.0000000 0.0000000 0.0000000 0.0000000 0.1402438 0.0000000 0.0000000 0.0000000 0.8596604 0.0000958 0.0000000
0.0000000 0.0983333 0.0000000 0.0000000 0.0000000 0.0000000 0.0000000 0.0000000 0.0000000 0.1402438 0.0000000 0.0000000 0.0000000 0.7613271 0.0000958 0.0000000
0.0000000 0.2135263 0.0000000 0.0000000 0.0000000 0.0000000 0.0000000 0.0000000 0.0000000 0.0000000 0.0000000 0.0000000 0.7831453 0.0000000 0.0033283 0.0000000
0.0000000 0.0000000 0.0000000 0.0000000 0.0000000 0.0000000 0.0000000 0.0000000 0.0000000 0.0599294 0.0000000 0.0000000 0.9389842 0.0000000 0.0010863 0.0000000
0.0000000 0.0000000 0.0000000 0.0000000 0.0000000 0.0000000 0.0000000 0.0000000 0.0000000 0.0599294 0.0000000 0.7189842 0.1200000 0.0933333 0.0077530 0.0000000
0.0000000 0.0000000 0.0000000 0.0000000 0.0000000 0.0000000 0.0000000 0.0000000 0.0000000 0.0599294 0.0000000 0.0000000 0.0000000 0.9389842 0.0010863 0.0000000
0.0000000 0.0983333 0.0000000 0.0000000 0.0000000 0.0000000 0.0000000 0.0000000 0.0000000 0.0599294 0.0000000 0.0000000 0.0000000 0.8406509 0.0010863 0.0000000
0.2997089 0.6701998 0.0000000 0.0000000 0.0000000 0.0000000 0.0000000 0.0000000 0.0000000 0.0000000 0.0000000 0.0000000 0.0124149 0.0000000 0.0176764 0.0000000
0.0000000 0.6862243 0.0000000 0.0000000 0.0000000 0.0000000 0.0000000 0.0000000 0.0000000 0.0000000 0.0000000 0.0000000 0.2648488 0.0000000 0.0489270 0.0000000
0.0000000 0.6862243 0.0000000 0.0000000 0.0000000 0.0000000 0.0000000 0.0000000 0.0000000 0.0000000 0.0000000 0.2648488 0.0000000 0.0000000 0.0489270 0.0000000
0.0000000 0.6862243 0.0000000 0.0000000 0.0000000 0.0000000 0.0000000 0.0000000 0.0000000 0.0000000 0.0000000 0.0000000 0.0000000 0.2648488 0.0489270 0.0000000
0.0357662 0.4798464 0.0000000 0.0000000 0.0000000 0.0000000 0.0000000 0.0000000 0.0000000 0.0000000 0.0000000 0.0000000 0.4477153 0.0000000 0.0366722 0.0000000
0.6330124 0.3628436 0.0000000 0.0000000 0.0000000 0.0000000 0.0000000 0.0000000 0.0000000 0.0000000 0.0000000 0.0000000 0.0000000 0.0000000 0.0041440 0.0000000
0.0000000 0.0000000 0.0000000 0.0000000 0.0000000 0.0000000 0.0000000 0.0000000 0.0000000 0.6547311 0.0000000 0.0000000 0.3317886 0.0000000 0.0134803 0.0000000
0.0000000 0.0000000 0.0000000 0.0000000 0.0000000 0.0000000 0.0000000 0.0000000 0.0000000 0.7774865 0.0000000 0.0000000 0.2090333 0.0000000 0.0134803 0.0000000
0.0000000 0.0000000 0.0000000 0.0000000 0.0000000 0.0000000 0.0000000 0.0000000 0.0000000 0.7774865 0.0000000 0.2090333 0.0000000 0.0000000 0.0134803 0.0000000
0.0000000 0.0000000 0.0000000 0.0000000 0.0000000 0.0000000 0.0000000 0.0000000 0.0000000 0.7774865 0.0000000 0.0000000 0.0000000 0.2090333 0.0134803 0.0000000
0.0000000 0.0983333 0.0000000 0.0000000 0.0000000 0.0000000 0.0000000 0.0000000 0.0000000 0.6741531 0.0000000 0.0000000 0.0000000 0.2090333 0.0184803 0.0000000
0.0000000 0.0000000 0.0000000 0.0000000 0.0000000 0.0000000 0.0000000 0.0000000 0.0000000 0.2966468 0.0000000 0.0000000 0.6928974 0.0000000 0.0104558 0.0000000
0.0000000 0.0000000 0.0000000 0.0000000 0.0000000 0.0000000 0.0000000 0.0000000 0.0000000 0.2966468 0.0000000 0.4728974 0.1200000 0.0933333 0.0171225 0.0000000
0.0000000 0.0000000 0.0000000 0.0000000 0.0000000 0.0000000 0.0000000 0.0000000 0.0000000 0.2966468 0.0000000 0.0000000 0.0000000 0.6928974 0.0104558 0.0000000
0.0000000 0.0983333 0.0000000 0.0000000 0.0000000 0.0000000 0.0000000 0.0000000 0.0000000 0.2966468 0.0000000 0.0000000 0.0000000 0.5945640 0.0104558 0.0000000
0.0377320 0.5158380 0.0000000 0.0000000 0.0000000 0.0000000 0.0000000 0.0000000 0.0000000 0.0000000 0.0000000 0.0000000 0.4301658 0.0000000 0.0162642 0.0000000
0.0000000 0.2360297 0.0000000 0.0000000 0.0000000 0.0000000 0.0000000 0.0000000 0.0000000 0.0000000 0.0394452 0.0000000 0.7236087 0.0000000 0.0009164 0.0000000
0.0892436 0.5851431 0.0000000 0.0000000 0.0000000 0.0000000 0.0000000 0.0000000 0.0000000 0.0000000 0.0000000 0.0000000 0.3137280 0.0000000 0.0118853 0.0000000
0.0000000 0.0000000 0.0000000 0.0000000 0.0000000 0.0000000 0.0000000 0.0000000 0.0000000 0.1883765 0.0000000 0.0000000 0.8059801 0.0000000 0.0056433 0.0000000
0.0000000 0.0000000 0.0000000 0.0000000 0.0000000 0.0000000 0.0000000 0.0000000 0.0000000 0.1883765 0.0000000 0.5859801 0.1200000 0.0933333 0.0123100 0.0000000
0.0000000 0.0000000 0.0000000 0.0000000 0.0000000 0.0000000 0.0000000 0.0000000 0.0000000 0.1883765 0.0000000 0.0000000 0.0000000 0.8059801 0.0056433 0.0000000
0.0000000 0.0983333 0.0000000 0.0000000 0.0000000 0.0000000 0.0000000 0.0000000 0.0000000 0.1883765 0.0000000 0.0000000 0.0000000 0.7076468 0.0056433 0.0000000
0.0000000 0.3096098 0.0000000 0.0000000 0.0000000 0.0000000 0.0000000 0.0000000 0.0000000 0.0000000 0.0000000 0.0000000 0.6101350 0.0000000 0.0802552 0.0000000
0.0000000 0.0000000 0.0000000 0.0000000 0.0000000 0.0000000 0.0000000 0.0000000 0.0000000 0.0000000 0.0000000 0.0000000 0.9776327 0.0000000 0.0223673 0.0000000
0.0000000 0.0000000 0.0000000 0.0000000 0.0000000 0.0000000 0.0000000 0.0000000 0.0000000 0.0000000 0.0000000 0.7576327 0.1200000 0.0933333 0.0290340 0.0000000
0.0000000 0.0000000 0.0000000 0.0000000 0.0000000 0.0000000 0.0000000 0.0000000 0.0000000 0.0000000 0.0000000 0.0000000 0.0000000 0.9776327 0.0223673 0.0000000
0.0000000 0.0983333 0.0000000 0.0000000 0.0000000 0.0000000 0.0000000 0.0000000 0.0000000 0.0000000 0.0000000 0.0000000 0.0000000 0.8792994 0.0223673 0.0000000
0.1463054 0.6478638 0.0000000 0.0000000 0.0000000 0.0000000 0.0000000 0.0000000 0.0000000 0.0000000 0.0000000 0.0000000 0.1622691 0.0000000 0.0435617 0.0000000
0.0000000 0.0000000 0.0000000 0.0000000 0.0000000 0.0000000 0.0000000 0.0000000 0.0000000 0.6268698 0.0000000 0.0000000 0.3524603 0.0000000 0.0206699 0.0000000
0.0000000 0.0000000 0.0000000 0.0000000 0.0000000 0.0000000 0.0000000 0.0000000 0.0000000 0.7496252 0.0000000 0.0000000 0.2297050 0.0000000 0.0206699 0.0000000
0.0000000 0.0000000 0.0000000 0.0000000 0.0000000 0.0000000 0.0000000 0.0000000 0.0000000 0.7496252 0.0000000 0.2297050 0.0000000 0.0000000 0.0206699 0.0000000
0.0000000 0.0000000 0.0000000 0.0000000 0.0000000 0.0000000 0.0000000 0.0000000 0.0000000 0.7496252 0.0000000 0.0000000 0.0000000 0.2297050 0.0206699 0.0000000
0.0000000 0.0983333 0.0000000 0.0000000 0.0000000 0.0000000 0.0000000 0.0000000 0.0000000 0.6462918 0.0000000 0.0000000 0.0000000 0.2297050 0.0256699 0.0000000
0.0000000 0.3083966 0.0000000 0.0000000 0.0000000 0.0000000 0.0000000 0.0000000 0.0000000 0.0000000 0.0316702 0.0000000 0.6240600 0.0000000 0.0358731 0.0000000
0.0000000 0.0000000 0.0000000 0.0000000 0.0000000 0.0000000 0.0000000 0.0000000 0.0000000 0.0046201 0.0000000 0.0000000 0.9856123 0.0000000 0.0097676 0.0000000
0.0000000 0.0000000 0.0000000 0.0000000 0.0000000 0.0000000 0.0000000 0.0000000 0.0000000 0.0046201 0.0000000 0.7656123 0.1200000 0.0933333 0.0164343 0.0000000
0.0000000 0.0000000 0.0000000 0.0000000 0.0000000 0.0000000 0.0000000 0.0000000 0.0000000 0.0046201 0.0000000 0.0000000 0.0000000 0.9856123 0.0097676 0.0000000
0.0000000 0.0983333 0.0000000 0.0000000 0.0000000 0.0000000 0.0000000 0.0000000 0.0000000 0.0046201 0.0000000 0.0000000 0.0000000 0.8872789 0.0097676 0.0000000
0.0000000 0.0000000 0.0000000 0.0000000 0.0000000 0.0000000 0.0000000 0.0000000 0.0000000 0.0000000 0.1633333 0.0000000 0.8366667 0.0000000 0.0000000 0.0000000
0.2306438 0.6559476 0.0000000 0.0000000 0.0000000 0.0000000 0.0000000 0.0000000 0.0000000 0.0000000 0.1045450 0.0000000 0.0000000 0.0000000 0.0088636 0.0000000
0.0864174 0.6373562 0.0000000 0.0000000 0.0000000 0.0000000 0.0000000 0.0000000 0.0000000 0.0000000 0.2747127 0.0000000 0.0000000 0.0000000 0.0015136 0.0000000
0.4478552 0.5090108 0.0000000 0.0000000 0.0000000 0.0000000 0.0000000 0.0000000 0.0000000 0.0000000 0.0390684 0.0000000 0.0000000 0.0000000 0.0040655 0.0000000
0.0740930 0.8392429 0.0000000 0.0000000 0.0000000 0.0000000 0.0000000 0.0000000 0.0000000 0.0000000 0.0000000 0.0000000 0.0612026 0.0000000 0.0254614 0.0000000
0.0740930 0.8392429 0.0000000 0.0000000 0.0000000 0.0000000 0.0000000 0.0000000 0.0000000 0.0000000 0.0000000 0.0612026 0.0000000 0.0000000 0.0254614 0.0000000
0.0740930 0.8392429 0.0000000 0.0000000 0.0000000 0.0000000 0.0000000 0.0000000 0.0000000 0.0000000 0.0000000 0.0000000 0.0000000 0.0612026 0.0254614 0.0000000
0.0000000 0.0828478 0.0000000 0.0000000 0.0000000 0.0000000 0.0000000 0.0000000 0.0000000 0.0000000 0.0000000 0.0000000 0.8730816 0.0000000 0.0440706 0.0000000
0.0031339 0.2622606 0.0000000 0.0000000 0.0000000 0.0000000 0.0000000 0.0000000 0.0000000 0.0000000 0.0000000 0.0000000 0.6090559 0.0000000 0.1255496 0.0000000
0.0000000 0.0000000 0.0000000 0.0000000 0.0000000 0.0000000 0.0000000 0.0000000 0.0000000 0.6389045 0.0000000 0.0000000 0.2918000 0.0000000 0.0692955 0.0000000
0.0000000 0.0000000 0.0000000 0.0000000 0.0000000 0.0000000 0.0000000 0.0000000 0.0000000 0.7616598 0.0000000 0.0000000 0.1690446 0.0000000 0.0692955 0.0000000
0.0000000 0.0000000 0.0000000 0.0000000 0.0000000 0.0000000 0.0000000 0.0000000 0.0000000 0.7616598 0.0000000 0.1690446 0.0000000 0.0000000 0.0692955 0.0000000
0.0000000 0.0000000 0.0000000 0.0000000 0.0000000 0.0000000 0.0000000 0.0000000 0.0000000 0.7616598 0.0000000 0.0000000 0.0000000 0.1690446 0.0692955 0.0000000
0.0000000 0.0983333 0.0000000 0.0000000 0.0000000 0.0000000 0.0000000 0.0000000 0.0000000 0.6583265 0.0000000 0.0000000 0.0000000 0.1690446 0.0742955 0.0000000
0.0374371 0.5039666 0.0000000 0.0000000 0.0000000 0.0000000 0.0000000 0.0000000 0.0000000 0.0000000 0.3915578 0.0000000 0.0000000 0.0000000 0.0670385 0.0000000
0.0000000 0.0846781 0.0000000 0.0000000 0.0000000 0.0000000 0.0000000 0.0000000 0.0000000 0.0000000 0.9100178 0.0000000 0.0000000 0.0000000 0.0053041 0.0000000
0.0000000 0.2556248 0.0000000 0.0000000 0.0000000 0.0000000 0.0000000 0.0000000 0.0000000 0.0000000 0.7046824 0.0000000 0.0000000 0.0000000 0.0396927 0.0000000
0.2978474 0.6855992 0.0000000 0.0000000 0.0000000 0.0000000 0.0000000 0.0000000 0.0000000 0.0000000 0.0000000 0.0000000 0.0000000 0.0000000 0.0165534 0.0000000
0.0375038 0.8362711 0.0000000 0.0000000 0.0000000 0.0000000 0.0000000 0.0000000 0.0000000 0.0000000 0.0000000 0.0000000 0.0986015 0.0000000 0.0276236 0.0000000
0.0375038 0.8362711 0.0000000 0.0000000 0.0000000 0.0000000 0.0000000 0.0000000 0.0000000 0.0000000 0.0000000 0.0986015 0.0000000 0.0000000 0.0276236 0.0000000
0.0375038 0.8362711 0.0000000 0.0000000 0.0000000 0.0000000 0.0000000 0.0000000 0.0000000 0.0000000 0.0000000 0.0000000 0.0000000 0.0986015 0.0276236 0.0000000
0.0000000 0.0223270 0.0000000 0.0000000 0.0000000 0.0000000 0.0000000 0.0000000 0.0000000 0.0000000 0.0000000 0.0000000 0.9456870 0.0000000 0.0319859 0.0000000
0.0000000 0.1697284 0.0000000 0.0000000 0.0000000 0.0000000 0.0000000 0.0000000 0.0000000 0.0000000 0.0000000 0.0000000 0.7842195 0.0000000 0.0460520 0.0000000
0.0000000 0.0000000 0.0000000 0.0000000 0.0000000 0.0000000 0.0000000 0.0000000 0.0000000 0.0522985 0.0000000 0.0000000 0.9349352 0.0000000 0.0127663 0.0000000
0.0000000 0.0000000 0.0000000 0.0000000 0.0000000 0.0000000 0.0000000 0.0000000 0.0000000 0.0522985 0.0000000 0.7149352 0.1200000 0.0933333 0.0194329 0.0000000
0.0000000 0.0000000 0.0000000 0.0000000 0.0000000 0.0000000 0.0000000 0.0000000 0.0000000 0.0522985 0.0000000 0.0000000 0.0000000 0.9349352 0.0127663 0.0000000
0.0000000 0.0983333 0.0000000 0.0000000 0.0000000 0.0000000 0.0000000 0.0000000 0.0000000 0.0522985 0.0000000 0.0000000 0.0000000 0.8366019 0.0127663 0.0000000
0.0377320 0.5158380 0.0000000 0.0000000 0.0000000 0.0000000 0.0000000 0.0000000 0.0000000 0.0000000 0.0000000 0.0000000 0.2786336 0.0000000 0.1677965 0.0000000
0.0000000 0.0000000 0.0000000 0.0000000 0.0000000 0.0000000 0.0000000 0.0000000 0.0000000 0.1209078 0.0000000 0.0000000 0.8666618 0.0000000 0.0124303 0.0000000
0.0000000 0.0000000 0.0000000 0.0000000 0.0000000 0.0000000 0.0000000 0.0000000 0.0000000 0.1209078 0.0000000 0.6466618 0.1200000 0.0933333 0.0190970 0.0000000
0.0000000 0.0000000 0.0000000 0.0000000 0.0000000 0.0000000 0.0000000 0.0000000 0.0000000 0.1209078 0.0000000 0.0000000 0.0000000 0.8666618 0.0124303 0.0000000
0.0000000 0.0983333 0.0000000 0.0000000 0.0000000 0.0000000 0.0000000 0.0000000 0.0000000 0.1209078 0.0000000 0.0000000 0.0000000 0.7683285 0.0124303 0.0000000
0.2306438 0.6559476 0.0000000 0.0000000 0.0000000 0.0000000 0.0000000 0.0000000 0.0000000 0.0000000 0.0786857 0.0000000 0.0000000 0.0000000 0.0347229 0.0000000
0.6146516 0.3671672 0.0000000 0.0000000 0.0000000 0.0000000 0.0000000 0.0000000 0.0000000 0.0000000 0.0098546 0.0000000 0.0000000 0.0000000 0.0083266 0.0000000
0.0675217 0.7293775 0.0000000 0.0000000 0.0000000 0.0000000 0.0000000 0.0000000 0.0000000 0.0000000 0.1936843 0.0000000 0.0000000 0.0000000 0.0094165 0.0000000
0.0000000 0.6893802 0.0000000 0.0000000 0.0000000 0.0000000 0.0000000 0.0000000 0.0000000 0.0000000 0.0000000 0.0000000 0.3106198 0.0000000 0.0000000 0.0000000
0.0000000 0.8121355 0.0000000 0.0000000 0.0000000 0.0000000 0.0000000 0.0000000 0.0000000 0.0000000 0.0000000 0.0000000 0.1878645 0.0000000 0.0000000 0.0000000
0.0000000 0.7001714 0.0000000 0.0000000 0.0000000 0.0000000 0.0000000 0.0000000 0.0000000 0.0000000 0.0000000 0.0000000 0.2998286 0.0000000 0.0000000 0.0000000
0.0000000 0.0314719 0.0000000 0.0000000 0.0000000 0.0000000 0.0000000 0.0000000 0.0000000 0.0000000 0.9583748 0.0000000 0.0000000 0.0000000 0.0101532 0.0000000
0.2379063 0.7096998 0.0000000 0.0000000 0.0000000 0.0000000 0.0000000 0.0000000 0.0000000 0.0000000 0.0000000 0.0000000 0.0214059 0.0000000 0.0309881 0.0000000
0.0059600 0.8337931 0.0000000 0.0000000 0.0000000 0.0000000 0.0000000 0.0000000 0.0000000 0.0000000 0.0000000 0.0000000 0.1291595 0.0000000 0.0310874 0.0000000
0.0059600 0.8337931 0.0000000 0.0000000 0.0000000 0.0000000 0.0000000 0.0000000 0.0000000 0.0000000 0.0000000 0.1291595 0.0000000 0.0000000 0.0310874 0.0000000
0.0059600 0.8337931 0.0000000 0.0000000 0.0000000 0.0000000 0.0000000 0.0000000 0.0000000 0.0000000 0.0000000 0.0000000 0.0000000 0.1291595 0.0310874 0.0000000
0.0000000 0.0862266 0.0000000 0.0000000 0.0000000 0.0000000 0.0000000 0.0000000 0.0000000 0.0000000 0.0000000 0.0000000 0.8590325 0.0000000 0.0547408 0.0000000
0.0000000 0.0000000 0.0000000 0.0000000 0.0000000 0.0000000 0.0000000 0.0000000 0.0000000 0.0952413 0.0000000 0.0000000 0.8894812 0.0000000 0.0152774 0.0000000
0.0000000 0.0000000 0.0000000 0.0000000 0.0000000 0.0000000 0.0000000 0.0000000 0.0000000 0.0952413 0.0000000 0.6694812 0.1200000 0.0933333 0.0219441 0.0000000
0.0000000 0.0000000 0.0000000 0.0000000 0.0000000 0.0000000 0.0000000 0.0000000 0.0000000 0.0952413 0.0000000 0.0000000 0.0000000 0.8894812 0.0152774 0.0000000
0.0000000 0.0983333 0.0000000 0.0000000 0.0000000 0.0000000 0.0000000 0.0000000 0.0000000 0.0952413 0.0000000 0.0000000 0.0000000 0.7911479 0.0152774 0.0000000
0.0000000 0.2360297 0.0000000 0.0000000 0.0000000 0.0000000 0.0000000 0.0000000 0.0000000 0.0000000 0.0163119 0.0000000 0.6694596 0.0000000 0.0781987 0.0000000
0.0000000 0.0000000 0.0000000 0.0000000 0.0000000 0.0000000 0.0000000 0.0000000 0.0000000 0.0720540 0.0000000 0.0000000 0.9126589 0.0000000 0.0152871 0.0000000
0.0000000 0.0000000 0.0000000 0.0000000 0.0000000 0.0000000 0.0000000 0.0000000 0.0000000 0.0720540 0.0000000 0.6926589 0.1200000 0.0933333 0.0219538 0.0000000
0.0000000 0.0000000 0.0000000 0.0000000 0.0000000 0.0000000 0.0000000 0.0000000 0.0000000 0.0720540 0.0000000 0.0000000 0.0000000 0.9126589 0.0152871 0.0000000
0.0000000 0.0983333 0.0000000 0.0000000 0.0000000 0.0000000 0.0000000 0.0000000 0.0000000 0.0720540 0.0000000 0.0000000 0.0000000 0.8143256 0.0152871 0.0000000
0.0864174 0.6373562 0.0000000 0.0000000 0.0000000 0.0000000 0.0000000 0.0000000 0.0000000 0.0000000 0.2263727 0.0000000 0.0000000 0.0000000 0.0498537 0.0000000
0.0000000 0.0000000 0.0000000 0.0000000 0.0000000 0.0000000 0.0000000 0.0000000 0.0000000 0.0000000 0.9839126 0.0000000 0.0000000 0.0000000 0.0160874 0.0000000
0.0675217 0.7293775 0.0000000 0.0000000 0.0000000 0.0000000 0.0000000 0.0000000 0.0000000 0.0000000 0.1408438 0.0000000 0.0000000 0.0000000 0.0622571 0.0000000
0.0000000 0.7806538 0.0292275 0.0292275 0.0292275 0.0014848 0.0074238 0.0000000 0.0000000 0.0000000 0.0000000 0.0000000 0.1227553 0.0000000 0.0000000 0.0000000
0.0000000 0.0877773 0.0000000 0.0000000 0.0000000 0.0000000 0.0000000 0.9122227 0.0000000 0.0000000 0.0000000 0.0000000 0.0000000 0.0000000 0.0000000 0.0000000
0.0000000 0.8480330 0.0000000 0.0000000 0.0000000 0.0400028 0.0000000 0.0000000 0.0000000 0.0000000 0.0000000 0.0000000 0.1119642 0.0000000 0.0000000 0.0000000
0.3063771 0.5894600 0.0000000 0.0000000 0.0000000 0.0000000 0.0000000 0.0000000 0.0000000 0.0000000 0.0627463 0.0000000 0.0000000 0.0000000 0.0414166 0.0000000
0.0000000 0.1185793 0.0000000 0.0000000 0.0000000 0.0000000 0.0000000 0.0000000 0.0000000 0.0000000 0.0000000 0.0000000 0.8814207 0.0000000 0.0000000 0.0000000
0.0000000 0.0862266 0.0000000 0.0000000 0.0000000 0.0000000 0.0000000 0.0000000 0.0000000 0.0000000 0.0000000 0.0000000 0.8461892 0.0000000 0.0675841 0.0000000
0.0000000 0.0000000 0.0000000 0.0000000 0.0000000 0.0000000 0.0000000 0.0000000 0.0000000 0.0835345 0.0000000 0.0000000 0.8971857 0.0000000 0.0192798 0.0000000
0.0000000 0.0000000 0.0000000 0.0000000 0.0000000 0.0000000 0.0000000 0.0000000 0.0000000 0.0835345 0.0000000 0.6771857 0.1200000 0.0933333 0.0259465 0.0000000
0.0000000 0.0000000 0.0000000 0.0000000 0.0000000 0.0000000 0.0000000 0.0000000 0.0000000 0.0835345 0.0000000 0.0000000 0.0000000 0.8971857 0.0192798 0.0000000
0.0000000 0.0983333 0.0000000 0.0000000 0.0000000 0.0000000 0.0000000 0.0000000 0.0000000 0.0835345 0.0000000 0.0000000 0.0000000 0.7988524 0.0192798 0.0000000
0.0000000 0.2360297 0.0000000 0.0000000 0.0000000 0.0000000 0.0000000 0.0000000 0.0000000 0.0000000 0.0087254 0.0000000 0.5935425 0.0000000 0.1617023 0.0000000
0.0864174 0.6373562 0.0000000 0.0000000 0.0000000 0.0000000 0.0000000 0.0000000 0.0000000 0.0000000 0.2013820 0.0000000 0.0000000 0.0000000 0.0748444 0.0000000
0.0000000 0.0000000 0.0000000 0.0000000 0.0000000 0.0000000 0.0000000 0.0000000 0.0000000 0.0000000 0.9691901 0.0000000 0.0000000 0.0000000 0.0308099 0.0000000
0.0675217 0.7293775 0.0000000 0.0000000 0.0000000 0.0000000 0.0000000 0.0000000 0.0000000 0.0000000 0.0937395 0.0000000 0.0000000 0.0000000 0.1093614 0.0000000
0.0000000 0.6884549 0.0000000 0.0000000 0.0000000 0.0000000 0.0000000 0.0000000 0.1521231 0.0000000 0.0000000 0.0000000 0.1594220 0.0000000 0.0000000 0.0000000
0.0000000 0.3679502 0.0000000 0.0000000 0.0000000 0.0000000 0.0000000 0.0000000 0.5953831 0.0000000 0.0000000 0.0000000 0.0366667 0.0000000 0.0000000 0.0000000
0.0000000 0.7080238 0.0000000 0.0000000 0.0000000 0.0000000 0.0000000 0.0000000 0.1433453 0.0000000 0.0000000 0.0000000 0.1486308 0.0000000 0.0000000 0.0000000
0.0000000 0.0833333 0.0000000 0.0000000 0.0000000 0.0000000 0.0000000 0.0000000 0.0000000 0.0000000 0.8622948 0.0000000 0.0000000 0.0000000 0.0543718 0.0000000
0.3063771 0.5894600 0.0000000 0.0000000 0.0000000 0.0000000 0.0000000 0.0000000 0.0000000 0.0000000 0.0321959 0.0000000 0.0000000 0.0000000 0.0719670 0.0000000
0.0000000 0.1483333 0.0000000 0.0000000 0.0000000 0.0000000 0.0000000 0.0000000 0.0000000 0.0000000 0.0000000 0.0000000 0.8516667 0.0000000 0.0000000 0.0000000
0.0000000 0.1097328 0.0000000 0.0000000 0.0000000 0.0000000 0.0000000 0.0000000 0.0386005 0.0000000 0.0000000 0.0000000 0.8516667 0.0000000 0.0000000 0.0000000
0.0542009 0.8376139 0.0000000 0.0000000 0.0000000 0.0000000 0.0000000 0.0000000 0.0000000 0.0000000 0.0000000 0.0000000 0.0656040 0.0000000 0.0425811 0.0000000
0.0542009 0.8376139 0.0000000 0.0000000 0.0000000 0.0000000 0.0000000 0.0000000 0.0000000 0.0000000 0.0000000 0.0656040 0.0000000 0.0000000 0.0425811 0.0000000
0.0542009 0.8376139 0.0000000 0.0000000 0.0000000 0.0000000 0.0000000 0.0000000 0.0000000 0.0000000 0.0000000 0.0000000 0.0000000 0.0656040 0.0425811 0.0000000
0.0000000 0.0410920 0.0000000 0.0000000 0.0000000 0.0000000 0.0000000 0.0000000 0.0000000 0.0000000 0.0000000 0.0000000 0.8815631 0.0000000 0.0773449 0.0000000
0.0000000 0.2135263 0.0000000 0.0000000 0.0000000 0.0000000 0.0000000 0.0000000 0.0000000 0.0000000 0.0000000 0.0000000 0.5954699 0.0000000 0.1910038 0.0000000
0.0892436 0.5851431 0.0000000 0.0000000 0.0000000 0.0000000 0.0000000 0.0000000 0.0000000 0.0000000 0.0000000 0.0000000 0.1723259 0.0000000 0.1532874 0.0000000
0.0000000 0.0000000 0.0000000 0.0000000 0.0000000 0.0000000 0.0000000 0.0000000 0.0000000 0.6165034 0.0000000 0.0000000 0.2857205 0.0000000 0.0977761 0.0000000
0.0000000 0.0000000 0.0000000 0.0000000 0.0000000 0.0000000 0.0000000 0.0000000 0.0000000 0.7392587 0.0000000 0.0000000 0.1629652 0.0000000 0.0977761 0.0000000
0.0000000 0.0000000 0.0000000 0.0000000 0.0000000 0.0000000 0.0000000 0.0000000 0.0000000 0.7392587 0.0000000 0.1629652 0.0000000 0.0000000 0.0977761 0.0000000
0.0000000 0.0000000 0.0000000 0.0000000 0.0000000 0.0000000 0.0000000 0.0000000 0.0000000 0.7392587 0.0000000 0.0000000 0.0000000 0.1629652 0.0977761 0.0000000
0.0000000 0.0983333 0.0000000 0.0000000 0.0000000 0.0000000 0.0000000 0.0000000 0.0000000 0.6359254 0.0000000 0.0000000 0.0000000 0.1629652 0.1027761 0.0000000
0.4478552 0.5090108 0.0000000 0.0000000 0.0000000 0.0000000 0.0000000 0.0000000 0.0000000 0.0000000 0.0020476 0.0000000 0.0000000 0.0000000 0.0410864 0.0000000
0.0000000 0.2556248 0.0000000 0.0000000 0.0000000 0.0000000 0.0000000 0.0000000 0.0000000 0.0000000 0.4739775 0.0000000 0.0000000 0.0000000 0.2703977 0.0000000
0.0000000 0.0314719 0.0000000 0.0000000 0.0000000 0.0000000 0.0000000 0.0000000 0.0000000 0.0000000 0.8862713 0.0000000 0.0000000 0.0000000 0.0822567 0.0000000
0.0000000 0.0666667 0.0000000 0.0000000 0.0000000 0.0000000 0.0000000 0.0000000 0.8966667 0.0000000 0.0000000 0.0000000 0.0366667 0.0000000 0.0000000 0.0000000
0.3063771 0.5894600 0.0000000 0.0000000 0.0000000 0.0000000 0.0000000 0.0000000 0.0000000 0.0000000 0.0158924 0.0000000 0.0000000 0.0000000 0.0882705 0.0000000
0.0000000 0.7251216 0.0000000 0.0000000 0.0000000 0.0000000 0.0000000 0.0000000 0.1521231 0.0000000 0.0000000 0.0000000 0.1227553 0.0000000 0.0000000 0.0000000
0.0000000 0.0763995 0.0000000 0.0000000 0.0000000 0.0000000 0.0000000 0.0000000 0.9236005 0.0000000 0.0000000 0.0000000 0.0000000 0.0000000 0.0000000 0.0000000
0.0000000 0.7446905 0.0000000 0.0000000 0.0000000 0.0000000 0.0000000 0.0000000 0.1433453 0.0000000 0.0000000 0.0000000 0.1119642 0.0000000 0.0000000 0.0000000
0.9424378 0.0575622 0.0000000 0.0000000 0.0000000 0.0000000 0.0000000 0.0000000 0.0000000 0.0000000 0.0000000 0.0000000 0.0000000 0.0000000 0.0000000 0.0000000
0.0000000 0.1139044 0.0000000 0.0000000 0.0000000 0.0000000 0.0000000 0.0000000 0.0000000 0.0000000 0.6920301 0.0000000 0.0000000 0.0000000 0.1940655 0.0000000
0.0000000 0.0333333 0.0000000 0.0000000 0.0000000 0.0000000 0.0000000 0.0000000 0.1150000 0.0000000 0.0000000 0.0000000 0.8516667 0.0000000 0.0000000 0.0000000
0.0000000 0.3096098 0.0000000 0.0000000 0.0000000 0.0000000 0.0000000 0.0000000 0.0000000 0.0000000 0.0000000 0.0000000 0.4913218 0.0000000 0.1990684 0.0000000
0.0000000 0.0000000 0.0000000 0.0000000 0.0000000 0.0000000 0.0000000 0.0000000 0.0000000 0.0000000 0.0000000 0.0000000 0.9493811 0.0000000 0.0506189 0.0000000
0.0000000 0.0000000 0.0000000 0.0000000 0.0000000 0.0000000 0.0000000 0.0000000 0.0000000 0.0000000 0.0000000 0.7293811 0.1200000 0.0933333 0.0572856 0.0000000
0.0000000 0.0000000 0.0000000 0.0000000 0.0000000 0.0000000 0.0000000 0.0000000 0.0000000 0.0000000 0.0000000 0.0000000 0.0000000 0.9493811 0.0506189 0.0000000
0.0000000 0.0983333 0.0000000 0.0000000 0.0000000 0.0000000 0.0000000 0.0000000 0.0000000 0.0000000 0.0000000 0.0000000 0.0000000 0.8510478 0.0506189 0.0000000
0.1463054 0.6478638 0.0000000 0.0000000 0.0000000 0.0000000 0.0000000 0.0000000 0.0000000 0.0000000 0.0000000 0.0000000 0.0960090 0.0000000 0.1098218 0.0000000
0.0000000 0.0000000 0.0000000 0.0000000 0.0000000 0.0000000 0.0000000 0.0000000 0.0000000 0.0000000 0.0000000 0.0000000 0.9614011 0.0000000 0.0385989 0.0000000
0.0000000 0.0000000 0.0000000 0.0000000 0.0000000 0.0000000 0.0000000 0.0000000 0.0000000 0.2448491 0.0000000 0.0000000 0.6763808 0.0000000 0.0787702 0.0000000
0.0000000 0.0000000 0.0000000 0.0000000 0.0000000 0.0000000 0.0000000 0.0000000 0.0000000 0.2448491 0.0000000 0.4563808 0.1200000 0.0933333 0.0854368 0.0000000
0.0000000 0.0000000 0.0000000 0.0000000 0.0000000 0.0000000 0.0000000 0.0000000 0.0000000 0.2448491 0.0000000 0.0000000 0.0000000 0.6763808 0.0787702 0.0000000
0.0000000 0.0983333 0.0000000 0.0000000 0.0000000 0.0000000 0.0000000 0.0000000 0.0000000 0.2448491 0.0000000 0.0000000 0.0000000 0.5780474 0.0787702 0.0000000
0.0000000 0.0000000 0.0000000 0.0000000 0.0000000 0.0000000 0.0000000 0.0000000 0.0000000 0.1881588 0.0000000 0.0000000 0.7325299 0.0000000 0.0793114 0.0000000
0.0000000 0.0000000 0.0000000 0.0000000 0.0000000 0.0000000 0.0000000 0.0000000 0.0000000 0.1881588 0.0000000 0.5125299 0.1200000 0.0933333 0.0859780 0.0000000
0.0000000 0.0000000 0.0000000 0.0000000 0.0000000 0.0000000 0.0000000 0.0000000 0.0000000 0.1881588 0.0000000 0.0000000 0.0000000 0.7325299 0.0793114 0.0000000
0.0000000 0.0983333 0.0000000 0.0000000 0.0000000 0.0000000 0.0000000 0.0000000 0.0000000 0.1881588 0.0000000 0.0000000 0.0000000 0.6341965 0.0793114 0.0000000
0.0000000 0.0000000 0.0000000 0.0000000 0.0000000 0.0000000 0.0000000 0.0000000 0.0000000 0.0000000 0.1208043 0.0000000 0.8366667 0.0000000 0.0425290 0.0000000
0.2306438 0.6559476 0.0000000 0.0000000 0.0000000 0.0000000 0.0000000 0.0000000 0.0000000 0.0000000 0.0244448 0.0000000 0.0000000 0.0000000 0.0889638 0.0000000
0.0864174 0.6373562 0.0000000 0.0000000 0.0000000 0.0000000 0.0000000 0.0000000 0.0000000 0.0000000 0.1555244 0.0000000 0.0000000 0.0000000 0.1207020 0.0000000
0.2997089 0.6701998 0.0000000 0.0000000 0.0000000 0.0000000 0.0000000 0.0000000 0.0000000 0.0000000 0.0000000 0.0000000 0.0000000 0.0000000 0.0300913 0.0000000
0.0000000 0.6862243 0.0000000 0.0000000 0.0000000 0.0000000 0.0000000 0.0000000 0.0000000 0.0000000 0.0000000 0.0000000 0.1547894 0.0000000 0.1589863 0.0000000
0.0000000 0.6862243 0.0000000 0.0000000 0.0000000 0.0000000 0.0000000 0.0000000 0.0000000 0.0000000 0.0000000 0.1547894 0.0000000 0.0000000 0.1589863 0.0000000
0.0000000 0.6862243 0.0000000 0.0000000 0.0000000 0.0000000 0.0000000 0.0000000 0.0000000 0.0000000 0.0000000 0.0000000 0.0000000 0.1547894 0.1589863 0.0000000
0.0357662 0.4798464 0.0000000 0.0000000 0.0000000 0.0000000 0.0000000 0.0000000 0.0000000 0.0000000 0.0000000 0.0000000 0.2733560 0.0000000 0.2110314 0.0000000
0.0000000 0.0000000 0.0000000 0.0000000 0.0000000 0.0000000 0.0000000 0.0000000 0.0000000 0.2073484 0.0000000 0.0000000 0.6993201 0.0000000 0.0933315 0.0000000
0.0000000 0.0000000 0.0000000 0.0000000 0.0000000 0.0000000 0.0000000 0.0000000 0.0000000 0.2073484 0.0000000 0.4793201 0.1200000 0.0933333 0.0999981 0.0000000
0.0000000 0.0000000 0.0000000 0.0000000 0.0000000 0.0000000 0.0000000 0.0000000 0.0000000 0.2073484 0.0000000 0.0000000 0.0000000 0.6993201 0.0933315 0.0000000
0.0000000 0.0983333 0.0000000 0.0000000 0.0000000 0.0000000 0.0000000 0.0000000 0.0000000 0.2073484 0.0000000 0.0000000 0.0000000 0.6009868 0.0933315 0.0000000
0.1525417 0.6537895 0.0000000 0.0000000 0.0000000 0.0000000 0.0000000 0.0000000 0.0000000 0.0000000 0.0000000 0.0000000 0.0712179 0.0000000 0.1224509 0.0000000
0.0000000 0.0000000 0.0000000 0.0000000 0.0000000 0.0000000 0.0000000 0.0000000 0.0000000 0.7288215 0.0000000 0.0000000 0.2007764 0.0000000 0.0704020 0.0000000
0.0000000 0.0000000 0.0000000 0.0000000 0.0000000 0.0000000 0.0000000 0.0000000 0.0000000 0.8515769 0.0000000 0.0000000 0.0780211 0.0000000 0.0704020 0.0000000
0.0000000 0.0000000 0.0000000 0.0000000 0.0000000 0.0000000 0.0000000 0.0000000 0.0000000 0.8515769 0.0000000 0.0780211 0.0000000 0.0000000 0.0704020 0.0000000
0.0000000 0.0000000 0.0000000 0.0000000 0.0000000 0.0000000 0.0000000 0.0000000 0.0000000 0.8515769 0.0000000 0.0000000 0.0000000 0.0780211 0.0704020 0.0000000
0.0000000 0.0983333 0.0000000 0.0000000 0.0000000 0.0000000 0.0000000 0.0000000 0.0000000 0.7482435 0.0000000 0.0000000 0.0000000 0.0780211 0.0754020 0.0000000
0.0377320 0.5158380 0.0000000 0.0000000 0.0000000 0.0000000 0.0000000 0.0000000 0.0000000 0.0000000 0.0000000 0.0000000 0.1995634 0.0000000 0.2468666 0.0000000
0.0000000 0.6884549 0.0000000 0.0000000 0.0000000 0.0000000 0.0000000 0.0000000 0.1521231 0.0366667 0.0000000 0.0000000 0.1227553 0.0000000 0.0000000 0.0000000
